0.6800000,30.0000000,15.0470000,100.0100000,0.0030600
0.7000000,30.1000179,15.0470000,100.0110000,0.0045002
0.7100000,30.2000357,15.0470000,100.0110000,0.0052906
0.7300000,30.3000536,15.0480000,100.0120000,0.0062516
0.7400000,30.4000714,15.0480000,100.0120000,0.0046673
0.7500000,30.5000893,15.0480000,100.0120000,0.0009584
0.7700000,30.6001072,15.0480000,100.0130000,0.0025871
0.7800000,30.7001250,15.0480000,100.0130000,0.0028050
0.8000000,30.8001429,15.0480000,100.0140000,0.0024030
0.8100000,30.9001607,15.0480000,100.0140000,0.0026815
0.8200000,31.0001786,15.0480000,100.0140000,0.0041604
0.8300000,31.1001965,15.0480000,100.0140000,0.0038804
0.8500000,31.2002143,15.0480000,100.0150000,0.0034295
0.8600000,31.3002322,15.0480000,100.0150000,0.0041624
0.8700000,31.4002500,15.0480000,100.0150000,0.0045971
0.8900000,31.5002679,15.0480000,100.0150000,0.0039248
0.9000000,31.6002858,15.0480000,100.0160000,0.0037259
0.9100000,31.7003036,15.0480000,100.0160000,0.0018785
0.9200000,31.8003215,15.0480000,100.0160000,0.0028299
0.9400000,31.9003393,15.0480000,100.0160000,0.0026432
0.9500000,32.0003572,15.0480000,100.0170000,0.0030776
0.9600000,32.1003751,15.0480000,100.0170000,0.0031167
0.9700000,32.2003929,15.0480000,100.0170000,0.0008303
0.9800000,32.3004108,15.0480000,100.0170000,0.0015436
1.0000000,32.4004286,15.0480000,100.0170000,0.0020860
1.0100000,32.5004465,15.0480000,100.0170000,0.0028429
1.0200000,32.6004644,15.0480000,100.0180000,0.0034311
1.0300000,32.7004822,15.0480000,100.0180000,0.0023859
1.0500000,32.8005001,15.0480000,100.0180000,0.0020532
1.0600000,32.9005179,15.0480000,100.0180000,0.0020466
1.0700000,33.0005358,15.0480000,100.0180000,0.0022538
1.0800000,33.1005537,15.0490000,100.0180000,0.0023005
1.0900000,33.2005715,15.0490000,100.0190000,0.0022403
1.1000000,33.3005894,15.0490000,100.0190000,0.0025005
1.1200000,33.4006073,15.0490000,100.0190000,0.0021223
1.1300000,33.5006251,15.0490000,100.0190000,0.0012172
1.1400000,33.6006430,15.0490000,100.0190000,0.0004750
1.1500000,33.7006608,15.0490000,100.0190000,-0.0002105
1.1600000,33.8006787,15.0490000,100.0190000,-0.0005257
1.1700000,33.9006966,15.0490000,100.0190000,-0.0005768
1.1800000,34.0007144,15.0490000,100.0200000,0.0000523
1.1900000,34.1007323,15.0490000,100.0200000,0.0003132
1.2100000,34.2007501,15.0490000,100.0200000,0.0011983
1.2200000,34.3007680,15.0490000,100.0200000,0.0014044
1.2300000,34.4007859,15.0490000,100.0200000,0.0015578
1.2400000,34.5008037,15.0490000,100.0200000,0.0020747
1.2500000,34.6008216,15.0490000,100.0200000,0.0021227
1.2600000,34.7008394,15.0490000,100.0200000,0.0014988
1.2800000,34.8008573,15.0490000,100.0200000,0.0008771
1.2800000,34.9008752,15.0490000,100.0200000,0.0000515
1.3000000,35.0008930,15.0490000,100.0210000,-0.0002572
1.3100000,35.1009109,15.0490000,100.0210000,-0.0008218
1.3200000,35.2009287,15.0490000,100.0210000,-0.0005127
1.3300000,35.3009466,15.0490000,100.0210000,0.0001536
1.3400000,35.4009645,15.0490000,100.0210000,0.0008178
1.3500000,35.5009823,15.0490000,100.0210000,0.0015320
1.3600000,35.6010002,15.0490000,100.0210000,0.0019890
1.3800000,35.7010180,15.0490000,100.0210000,0.0021380
1.3900000,35.8010359,15.0490000,100.0210000,0.0019821
1.4000000,35.9010538,15.0490000,100.0210000,0.0016250
1.4100000,36.0010716,15.0490000,100.0210000,0.0011157
1.4200000,36.1010895,15.0490000,100.0210000,0.0006586
1.4300000,36.2011073,15.0490000,100.0210000,0.0000506
1.4400000,36.3011252,15.0490000,100.0220000,-0.0001011
1.4500000,36.4011431,15.0490000,100.0220000,-0.0001515
1.4600000,36.5011609,15.0490000,100.0220000,0.0005544
1.4800000,36.6011788,15.0490000,100.0220000,0.0009065
1.4800000,36.7011966,15.0490000,100.0220000,0.0010064
1.5000000,36.8012145,15.0490000,100.0220000,0.0012564
1.5100000,36.9012324,15.0490000,100.0220000,0.0011550
1.5200000,37.0012502,15.0490000,100.0220000,0.0005017
1.5300000,37.1012681,15.0490000,100.0220000,0.0008017
1.5400000,37.2012859,15.0490000,100.0220000,-0.0000000
1.5500000,37.3013038,15.0490000,100.0220000,0.0002501
1.5600000,37.4013217,15.0490000,100.0230000,0.0009990
1.5700000,37.5013395,15.0490000,100.0230000,0.0009975
1.5800000,37.6013574,15.0490000,100.0230000,0.0019439
1.5900000,37.7013752,15.0490000,100.0230000,0.0023905
1.6100000,37.8013931,15.0490000,100.0230000,0.0023387
1.6200000,37.9014110,15.0490000,100.0230000,0.0024378
1.6300000,38.0014288,15.0490000,100.0230000,0.0017893
1.6400000,38.1014467,15.0490000,100.0230000,0.0009439
1.6500000,38.2014645,15.0490000,100.0240000,0.0009429
1.6600000,38.3014824,15.0490000,100.0240000,0.0015868
1.6700000,38.4015003,15.0490000,100.0240000,0.0015362
1.6800000,38.5015181,15.0490000,100.0240000,0.0019318
1.6900000,38.6015360,15.0490000,100.0240000,0.0016825
1.7000000,38.7015538,15.0490000,100.0240000,0.0016322
1.7200000,38.8015717,15.0490000,100.0250000,0.0011861
1.7300000,38.9015896,15.0490000,100.0250000,0.0004938
1.7400000,39.0016074,15.0490000,100.0250000,0.0006910
1.7500000,39.1016253,15.0500000,100.0250000,0.0026631
1.7600000,39.2016432,15.0500000,100.0260000,0.0041883
1.7700000,39.3016610,15.0500000,100.0260000,0.0017718
1.7800000,39.4016789,15.0500000,100.0260000,0.0008363
1.7900000,39.5016967,15.0500000,100.0260000,0.0008847
1.8000000,39.6017146,15.0500000,100.0260000,0.0001474
1.8100000,39.7017325,15.0500000,100.0260000,0.0000982
1.8200000,39.8017503,15.0500000,100.0260000,-0.0000491
1.8300000,39.9017682,15.0500000,100.0260000,0.0006863
1.8400000,40.0017860,15.0500000,100.0260000,0.0008821
1.8500000,40.1018039,15.0500000,100.0260000,0.0016169
1.8700000,40.2018218,15.0500000,100.0260000,0.0012236
1.8800000,40.3018396,15.0500000,100.0260000,0.0006361
1.8900000,40.4018575,15.0500000,100.0260000,0.0007334
1.9000000,40.5018753,15.0500000,100.0270000,0.0002931
1.9100000,40.6018932,15.0500000,100.0270000,0.0004395
1.9200000,40.7019111,15.0500000,100.0270000,0.0004394
1.9300000,40.8019289,15.0500000,100.0270000,0.0010245
1.9400000,40.9019468,15.0500000,100.0270000,0.0014144
1.9500000,41.0019646,15.0500000,100.0270000,0.0013650
1.9600000,41.1019825,15.0500000,100.0270000,0.0012190
1.9700000,41.2020004,15.0500000,100.0270000,0.0006823
1.9800000,41.3020182,15.0500000,100.0270000,0.0002923
1.9900000,41.4020361,15.0500000,100.0270000,0.0001461
2.0000000,41.5020539,15.0500000,100.0270000,0.0006329
2.0100000,41.6020718,15.0500000,100.0270000,0.0012160
2.0300000,41.7020897,15.0500000,100.0270000,0.0014108
2.0300000,41.8021075,15.0500000,100.0270000,0.0013132
2.0500000,41.9021254,15.0500000,100.0280000,0.0011182
2.0600000,42.0021432,15.0500000,100.0280000,0.0006319
2.0700000,42.1021611,15.0500000,100.0280000,0.0007777
2.0800000,42.2021790,15.0500000,100.0280000,0.0005829
2.0900000,42.3021968,15.0500000,100.0280000,0.0008256
2.1000000,42.4022147,15.0500000,100.0280000,0.0014079
2.1100000,42.5022325,15.0500000,100.0280000,0.0008255
2.1200000,42.6022504,15.0500000,100.0280000,0.0009222
2.1300000,42.7022683,15.0500000,100.0280000,0.0005823
2.1400000,42.8022861,15.0500000,100.0280000,0.0003881
2.1500000,42.9023040,15.0500000,100.0280000,0.0004365
2.1600000,43.0023218,15.0500000,100.0280000,0.0002424
2.1700000,43.1023397,15.0500000,100.0290000,0.0006301
2.1800000,43.2023576,15.0500000,100.0290000,0.0009691
2.1900000,43.3023754,15.0500000,100.0290000,0.0008721
2.2100000,43.4023933,15.0500000,100.0290000,0.0006295
2.2100000,43.5024111,15.0500000,100.0290000,0.0002422
2.2300000,43.6024290,15.0500000,100.0290000,0.0003873
2.2400000,43.7024469,15.0500000,100.0290000,0.0008716
2.2500000,43.8024647,15.0500000,100.0290000,0.0011131
2.2600000,43.9024826,15.0500000,100.0290000,0.0014519
2.2700000,44.0025004,15.0500000,100.0290000,0.0009193
2.2800000,44.1025183,15.0500000,100.0290000,0.0007740
2.2900000,44.2025362,15.0500000,100.0300000,0.0006285
2.3000000,44.3025540,15.0500000,100.0300000,0.0004351
2.3100000,44.4025719,15.0500000,100.0300000,0.0007734
2.3200000,44.5025897,15.0500000,100.0300000,0.0007731
2.3300000,44.6026076,15.0500000,100.0300000,0.0008696
2.3400000,44.7026255,15.0500000,100.0300000,0.0012071
2.3500000,44.8026433,15.0500000,100.0300000,0.0009653
2.3600000,44.9026612,15.0500000,100.0300000,0.0004826
2.3700000,45.0026790,15.0500000,100.0300000,0.0004824
2.3900000,45.1026969,15.0500000,100.0300000,0.0003376
2.3900000,45.2027148,15.0500000,100.0300000,0.0005787
2.4100000,45.3027326,15.0500000,100.0300000,0.0007714
2.4200000,45.4027505,15.0500000,100.0310000,0.0009643
2.4300000,45.5027684,15.0500000,100.0310000,0.0008672
2.4400000,45.6027862,15.0500000,100.0310000,0.0005298
2.4500000,45.7028041,15.0500000,100.0310000,0.0005780
2.4600000,45.8028219,15.0500000,100.0310000,0.0006259
2.4700000,45.9028398,15.0500000,100.0310000,0.0011071
2.4800000,46.0028577,15.0500000,100.0310000,0.0009140
2.4900000,46.1028755,15.0500000,100.0310000,0.0012498
2.5000000,46.2028934,15.0500000,100.0310000,0.0009612
2.5100000,46.3029112,15.0500000,100.0310000,0.0006245
2.5200000,46.4029291,15.0500000,100.0310000,0.0007203
2.5300000,46.5029470,15.0500000,100.0320000,0.0007679
2.5400000,46.6029648,15.0510000,100.0320000,0.0009591
2.5500000,46.7029827,15.0510000,100.0320000,0.0011987
2.5600000,46.8030005,15.0510000,100.0320000,0.0013900
2.5700000,46.9030184,15.0510000,100.0320000,0.0010544
2.5800000,47.0030363,15.0510000,100.0320000,0.0008618
2.5900000,47.1030541,15.0510000,100.0320000,0.0010532
2.6100000,47.2030720,15.0510000,100.0320000,0.0009572
2.6100000,47.3030898,15.0510000,100.0320000,0.0009567
2.6300000,47.4031077,15.0510000,100.0320000,0.0011000
2.6400000,47.5031256,15.0510000,100.0320000,0.0010992
2.6500000,47.6031434,15.0510000,100.0320000,0.0005732
2.6600000,47.7031613,15.0510000,100.0330000,0.0005254
2.6700000,47.8031791,15.0510000,100.0330000,0.0006205
2.6800000,47.9031970,15.0510000,100.0330000,0.0009067
2.6900000,48.0032149,15.0510000,100.0330000,0.0010495
2.7000000,48.1032327,15.0510000,100.0330000,0.0010017
2.7100000,48.2032506,15.0510000,100.0330000,0.0008105
2.7200000,48.3032684,15.0510000,100.0330000,0.0004289
2.7300000,48.4032863,15.0510000,100.0330000,0.0005238
2.7400000,48.5033042,15.0510000,100.0330000,0.0007143
2.7500000,48.6033220,15.0510000,100.0330000,0.0009521
2.7600000,48.7033399,15.0510000,100.0330000,0.0008090
2.7700000,48.8033577,15.0510000,100.0340000,0.0009513
2.7800000,48.9033756,15.0510000,100.0340000,0.0009034
2.7900000,49.0033935,15.0510000,100.0340000,0.0006658
2.8000000,49.1034113,15.0510000,100.0340000,0.0006180
2.8100000,49.2034292,15.0510000,100.0340000,0.0006176
2.8200000,49.3034470,15.0510000,100.0340000,0.0009500
2.8300000,49.4034649,15.0510000,100.0340000,0.0006649
2.8400000,49.5034828,15.0510000,100.0340000,0.0009020
2.8600000,49.6035006,15.0510000,100.0340000,0.0009021
2.8600000,49.7035185,15.0510000,100.0340000,0.0009016
2.8800000,49.8035363,15.0510000,100.0340000,0.0011385
2.8900000,49.9035542,15.0510000,100.0350000,0.0012325
2.9000000,50.0035721,15.0510000,100.0350000,0.0013272
2.9100000,50.1035899,15.0510000,100.0350000,0.0012799
2.9200000,50.2036078,15.0510000,100.0350000,0.0009477
2.9300000,50.3036256,15.0510000,100.0350000,0.0009475
2.9400000,50.4036435,15.0510000,100.0350000,0.0005683
2.9500000,50.5036614,15.0510000,100.0350000,0.0008048
2.9600000,50.6036792,15.0510000,100.0350000,0.0008047
2.9700000,50.7036971,15.0510000,100.0350000,0.0009936
2.9800000,50.8037149,15.0510000,100.0350000,0.0010879
2.9900000,50.9037328,15.0510000,100.0360000,0.0010400
3.0000000,51.0037507,15.0510000,100.0360000,0.0007090
3.0100000,51.1037685,15.0510000,100.0360000,0.0008034
3.0200000,51.2037864,15.0510000,100.0360000,0.0006615
3.0300000,51.3038043,15.0510000,100.0360000,0.0009921
3.0400000,51.4038221,15.0510000,100.0360000,0.0010389
3.0500000,51.5038400,15.0510000,100.0360000,0.0008499
3.0600000,51.6038578,15.0510000,100.0360000,0.0007079
3.0700000,51.7038757,15.0510000,100.0360000,0.0006606
3.0800000,51.8038936,15.0510000,100.0360000,0.0009908
3.0900000,51.9039114,15.0510000,100.0360000,0.0011318
3.1000000,52.0039293,15.0510000,100.0370000,0.0006599
3.1100000,52.1039471,15.0510000,100.0370000,0.0008013
3.1200000,52.2039650,15.0510000,100.0370000,0.0008013
3.1300000,52.3039829,15.0510000,100.0370000,0.0006598
3.1400000,52.4040007,15.0510000,100.0370000,0.0005652
3.1600000,52.5040186,15.0510000,100.0370000,0.0007061
3.1600000,52.6040364,15.0510000,100.0370000,0.0004237
3.1800000,52.7040543,15.0510000,100.0370000,0.0006590
3.1900000,52.8040722,15.0510000,100.0370000,0.0003765
3.1900000,52.9040900,15.0510000,100.0370000,0.0005646
3.2100000,53.0041079,15.0510000,100.0370000,0.0007997
3.2200000,53.1041257,15.0510000,100.0380000,0.0007995
3.2300000,53.2041436,15.0510000,100.0380000,0.0005641
3.2400000,53.3041615,15.0510000,100.0380000,0.0008929
3.2500000,53.4041793,15.0510000,100.0380000,0.0007990
3.2600000,53.5041972,15.0510000,100.0380000,0.0006578
3.2700000,53.6042150,15.0510000,100.0380000,0.0007986
3.2800000,53.7042329,15.0510000,100.0380000,0.0011274
3.2900000,53.8042508,15.0510000,100.0380000,0.0007983
3.3000000,53.9042686,15.0520000,100.0380000,0.0010796
3.3100000,54.0042865,15.0520000,100.0380000,0.0008916
3.3200000,54.1043043,15.0520000,100.0380000,0.0006099
3.3300000,54.2043222,15.0520000,100.0380000,0.0009383
3.3400000,54.3043401,15.0520000,100.0390000,0.0009383
3.3500000,54.4043579,15.0520000,100.0390000,0.0008912
3.3600000,54.5043758,15.0520000,100.0390000,0.0009377
3.3700000,54.6043936,15.0520000,100.0390000,0.0008437
3.3800000,54.7044115,15.0520000,100.0390000,0.0008437
3.3900000,54.8044294,15.0520000,100.0390000,0.0006562
3.4000000,54.9044472,15.0520000,100.0390000,0.0008902
3.4100000,55.0044651,15.0520000,100.0390000,0.0008434
3.4200000,55.1044829,15.0520000,100.0390000,0.0012176
3.4300000,55.2045008,15.0520000,100.0390000,0.0009833
3.4400000,55.3045187,15.0520000,100.0390000,0.0009830
3.4500000,55.4045365,15.0520000,100.0390000,0.0008427
3.4600000,55.5045544,15.0520000,100.0400000,0.0009829
3.4700000,55.6045722,15.0520000,100.0400000,0.0012166
3.4800000,55.7045901,15.0520000,100.0400000,0.0009823
3.4900000,55.8046080,15.0520000,100.0400000,0.0008418
3.5000000,55.9046258,15.0520000,100.0400000,0.0007477
3.5100000,56.0046437,15.0520000,100.0400000,0.0007476
3.5200000,56.1046615,15.0520000,100.0400000,0.0008411
3.5300000,56.2046794,15.0520000,100.0400000,0.0012148
3.5400000,56.3046973,15.0520000,100.0400000,0.0011676
3.5500000,56.4047151,15.0520000,100.0400000,0.0008407
3.5600000,56.5047330,15.0520000,100.0400000,0.0009806
3.5700000,56.6047508,15.0520000,100.0400000,0.0007472
3.5900000,56.7047687,15.0520000,100.0410000,0.0011204
3.5900000,56.8047866,15.0520000,100.0410000,0.0010731
3.6100000,56.9048044,15.0520000,100.0410000,0.0010267
3.6100000,57.0048223,15.0520000,100.0410000,0.0011665
3.6300000,57.1048402,15.0520000,100.0410000,0.0008397
3.6400000,57.2048580,15.0520000,100.0410000,0.0008862
3.6400000,57.3048759,15.0520000,100.0410000,0.0008394
3.6600000,57.4048937,15.0520000,100.0410000,0.0011657
3.6600000,57.5049116,15.0520000,100.0410000,0.0010255
3.6800000,57.6049295,15.0520000,100.0410000,0.0007458
3.6900000,57.7049473,15.0520000,100.0410000,0.0007456
3.7000000,57.8049652,15.0520000,100.0420000,0.0006058
3.7100000,57.9049830,15.0520000,100.0420000,0.0008386
3.7200000,58.0050009,15.0520000,100.0420000,0.0008385
3.7300000,58.1050188,15.0520000,100.0420000,0.0011643
3.7400000,58.2050366,15.0520000,100.0420000,0.0008849
3.7500000,58.3050545,15.0520000,100.0420000,0.0010709
3.7600000,58.4050723,15.0520000,100.0420000,0.0009778
3.7700000,58.5050902,15.0520000,100.0420000,0.0009311
3.7800000,58.6051081,15.0520000,100.0420000,0.0010240
3.7900000,58.7051259,15.0520000,100.0420000,0.0008380
3.8000000,58.8051438,15.0520000,100.0420000,0.0005586
3.8100000,58.9051616,15.0520000,100.0420000,0.0006981
3.8200000,59.0051795,15.0520000,100.0420000,0.0009778
3.8300000,59.1051974,15.0520000,100.0420000,0.0009308
3.8400000,59.2052152,15.0520000,100.0430000,0.0009771
3.8500000,59.3052331,15.0520000,100.0430000,0.0008374
3.8600000,59.4052509,15.0520000,100.0430000,0.0005582
3.8700000,59.5052688,15.0520000,100.0430000,0.0004649
3.8800000,59.6052867,15.0520000,100.0430000,0.0006973
3.8900000,59.7053045,15.0520000,100.0430000,0.0009296
3.9000000,59.8053224,15.0520000,100.0430000,0.0006970
3.9100000,59.9053402,15.0520000,100.0430000,0.0008362
3.9200000,60.0053581,15.0520000,100.0430000,0.0007897
3.9300000,60.1053760,15.0520000,100.0430000,0.0008359
3.9400000,60.2053938,15.0520000,100.0430000,0.0007430
3.9500000,60.3054117,15.0520000,100.0430000,0.0010216
3.9600000,60.4054295,15.0520000,100.0430000,0.0007426
3.9700000,60.5054474,15.0520000,100.0430000,0.0007426
3.9800000,60.6054653,15.0520000,100.0440000,0.0005106
3.9900000,60.7054831,15.0520000,100.0440000,0.0006495
4.0000000,60.8055010,15.0520000,100.0440000,0.0006030
4.0100000,60.9055188,15.0520000,100.0440000,0.0007883
4.0200000,61.0055367,15.0520000,100.0440000,0.0007880
4.0300000,61.1055546,15.0520000,100.0440000,0.0008343
4.0400000,61.2055724,15.0520000,100.0440000,0.0005560
4.0500000,61.3055903,15.0520000,100.0440000,0.0005562
4.0600000,61.4056081,15.0520000,100.0440000,0.0008805
4.0700000,61.5056260,15.0520000,100.0440000,0.0009267
4.0800000,61.6056439,15.0520000,100.0440000,0.0009728
4.0900000,61.7056617,15.0520000,100.0440000,0.0008339
4.1000000,61.8056796,15.0520000,100.0440000,0.0010190
4.1100000,61.9056974,15.0520000,100.0440000,0.0007872
4.1200000,62.0057153,15.0520000,100.0450000,0.0008799
4.1300000,62.1057332,15.0520000,100.0450000,0.0012038
4.1400000,62.2057510,15.0520000,100.0450000,0.0008796
4.1500000,62.3057689,15.0520000,100.0450000,0.0009255
4.1600000,62.4057867,15.0520000,100.0450000,0.0007407
4.1700000,62.5058046,15.0530000,100.0450000,0.0008791
4.1800000,62.6058225,15.0530000,100.0450000,0.0010182
4.1900000,62.7058403,15.0530000,100.0450000,0.0010180
4.2000000,62.8058582,15.0530000,100.0450000,0.0010179
4.2100000,62.9058760,15.0530000,100.0450000,0.0007864
4.2200000,63.0058939,15.0530000,100.0450000,0.0009714
4.2300000,63.1059118,15.0530000,100.0450000,0.0008789
4.2400000,63.2059296,15.0530000,100.0450000,0.0012023
4.2500000,63.3059475,15.0530000,100.0460000,0.0009710
4.2600000,63.4059654,15.0530000,100.0460000,0.0009708
4.2800000,63.5059832,15.0530000,100.0460000,0.0006934
4.2900000,63.6060011,15.0530000,100.0460000,0.0007397
4.3000000,63.7060189,15.0530000,100.0460000,0.0007858
4.3000000,63.8060368,15.0530000,100.0460000,0.0008321
4.3100000,63.9060547,15.0530000,100.0460000,0.0008782
4.3300000,64.0060725,15.0530000,100.0460000,0.0006006
4.3400000,64.1060904,15.0530000,100.0460000,0.0006929
4.3500000,64.2061082,15.0530000,100.0460000,0.0004157
4.3500000,64.3061261,15.0530000,100.0460000,0.0008313
4.3600000,64.4061440,15.0530000,100.0460000,0.0008313
4.3800000,64.5061618,15.0530000,100.0460000,0.0009696
4.3900000,64.6061797,15.0530000,100.0460000,0.0013383
4.4000000,64.7061975,15.0530000,100.0470000,0.0015234
4.4000000,64.8062154,15.0530000,100.0470000,0.0012925
4.4100000,64.9062333,15.0530000,100.0470000,0.0012003
4.4300000,65.0062511,15.0530000,100.0470000,0.0011078
4.4400000,65.1062690,15.0530000,100.0470000,0.0013846
4.4500000,65.2062868,15.0530000,100.0470000,0.0010151
4.4600000,65.3063047,15.0530000,100.0470000,0.0016610
4.4700000,65.4063226,15.0530000,100.0470000,0.0007384
4.4800000,65.5063404,15.0530000,100.0470000,0.0008307
4.4900000,65.6063583,15.0530000,100.0480000,0.0007845
4.5000000,65.7063761,15.0530000,100.0480000,0.0009691
4.5100000,65.8063940,15.0530000,100.0480000,0.0006458
4.5200000,65.9064119,15.0530000,100.0480000,0.0003690
4.5300000,66.0064297,15.0530000,100.0480000,0.0007840
4.5400000,66.1064476,15.0530000,100.0480000,0.0005071
4.5500000,66.2064654,15.0530000,100.0480000,0.0004612
4.5600000,66.3064833,15.0530000,100.0480000,0.0008299
4.5700000,66.4065012,15.0530000,100.0480000,0.0007839
4.5800000,66.5065190,15.0530000,100.0480000,0.0006454
4.5900000,66.6065369,15.0530000,100.0480000,0.0004148
4.6000000,66.7065547,15.0530000,100.0480000,0.0004609
4.6100000,66.8065726,15.0530000,100.0480000,0.0004148
4.6200000,66.9065905,15.0530000,100.0480000,0.0001843
4.6300000,67.0066083,15.0530000,100.0480000,0.0005070
4.6400000,67.1066262,15.0530000,100.0480000,0.0002304
4.6500000,67.2066440,15.0530000,100.0480000,0.0004608
4.6600000,67.3066619,15.0530000,100.0480000,0.0005066
4.6700000,67.4066798,15.0530000,100.0480000,0.0003686
4.6800000,67.5066976,15.0530000,100.0480000,0.0001843
4.6900000,67.6067155,15.0530000,100.0490000,0.0002303
4.7000000,67.7067333,15.0530000,100.0490000,0.0005067
4.7100000,67.8067512,15.0530000,100.0490000,0.0008287
4.7200000,67.9067691,15.0530000,100.0490000,0.0007368
4.7300000,68.0067869,15.0530000,100.0490000,0.0005064
4.7400000,68.1068048,15.0530000,100.0490000,0.0007369
4.7500000,68.2068226,15.0530000,100.0490000,0.0006907
4.7600000,68.3068405,15.0530000,100.0490000,0.0005526
4.7700000,68.4068584,15.0530000,100.0490000,0.0004144
4.7800000,68.5068762,15.0530000,100.0490000,0.0003223
4.7900000,68.6068941,15.0530000,100.0490000,0.0003683
4.8000000,68.7069119,15.0530000,100.0490000,0.0006446
4.8100000,68.8069298,15.0530000,100.0490000,0.0004604
4.8200000,68.9069477,15.0530000,100.0490000,0.0005526
4.8300000,69.0069655,15.0530000,100.0490000,0.0005527
4.8400000,69.1069834,15.0530000,100.0490000,0.0001382
4.8500000,69.2070013,15.0530000,100.0490000,0.0002763
4.8600000,69.3070191,15.0530000,100.0490000,0.0001381
4.8700000,69.4070370,15.0530000,100.0490000,0.0001842
4.8800000,69.5070548,15.0530000,100.0490000,0.0002303
4.8900000,69.6070727,15.0530000,100.0490000,0.0003683
4.9000000,69.7070906,15.0530000,100.0490000,0.0002763
4.9100000,69.8071084,15.0530000,100.0500000,0.0004607
4.9200000,69.9071263,15.0530000,100.0500000,0.0005525
4.9300000,70.0071441,15.0530000,100.0500000,0.0005984
4.9400000,70.1071620,15.0530000,100.0500000,0.0003681
4.9500000,70.2071799,15.0530000,100.0500000,0.0003681
4.9600000,70.3071977,15.0530000,100.0500000,0.0005982
4.9700000,70.4072156,15.0530000,100.0500000,0.0005060
4.9800000,70.5072334,15.0530000,100.0500000,0.0003221
4.9900000,70.6072513,15.0530000,100.0500000,0.0003680
5.0000000,70.7072692,15.0530000,100.0500000,0.0003219
5.0100000,70.8072870,15.0530000,100.0500000,0.0002759
5.0200000,70.9073049,15.0530000,100.0500000,0.0006895
5.0300000,71.0073227,15.0530000,100.0500000,0.0005976
5.0400000,71.1073406,15.0530000,100.0500000,0.0005517
5.0500000,71.2073585,15.0530000,100.0500000,0.0004137
5.0600000,71.3073763,15.0530000,100.0500000,0.0002299
5.0700000,71.4073942,15.0530000,100.0500000,0.0004137
5.0800000,71.5074120,15.0530000,100.0500000,0.0005975
5.0900000,71.6074299,15.0530000,100.0500000,0.0004136
5.1000000,71.7074478,15.0530000,100.0500000,0.0001837
5.1100000,71.8074656,15.0530000,100.0510000,0.0005513
5.1200000,71.9074835,15.0530000,100.0510000,0.0002297
5.1300000,72.0075013,15.0530000,100.0510000,0.0002297
5.1400000,72.1075192,15.0530000,100.0510000,0.0004134
5.1500000,72.2075371,15.0530000,100.0510000,0.0001837
5.1600000,72.3075549,15.0530000,100.0510000,0.0003674
5.1700000,72.4075728,15.0530000,100.0510000,0.0001378
5.1800000,72.5075906,15.0530000,100.0510000,0.0004135
5.1900000,72.6076085,15.0530000,100.0510000,0.0000919
5.2000000,72.7076264,15.0530000,100.0510000,0.0004593
5.2100000,72.8076442,15.0530000,100.0510000,0.0003214
5.2200000,72.9076621,15.0530000,100.0510000,0.0001837
5.2300000,73.0076799,15.0530000,100.0510000,0.0006886
5.2400000,73.1076978,15.0530000,100.0510000,0.0006888
5.2500000,73.2077157,15.0530000,100.0510000,0.0006887
5.2600000,73.3077335,15.0530000,100.0510000,0.0004591
5.2700000,73.4077514,15.0530000,100.0510000,0.0004131
5.2800000,73.5077692,15.0530000,100.0510000,0.0004132
5.2900000,73.6077871,15.0530000,100.0510000,0.0005049
5.3000000,73.7078050,15.0540000,100.0520000,0.0005509
5.3100000,73.8078228,15.0540000,100.0520000,0.0003212
5.3200000,73.9078407,15.0540000,100.0520000,0.0003671
5.3300000,74.0078585,15.0540000,100.0520000,0.0004589
5.3400000,74.1078764,15.0540000,100.0520000,0.0003211
5.3500000,74.2078943,15.0540000,100.0520000,0.0004586
5.3600000,74.3079121,15.0540000,100.0520000,0.0004128
5.3700000,74.4079300,15.0540000,100.0520000,0.0003209
5.3800000,74.5079478,15.0540000,100.0520000,0.0004584
5.3900000,74.6079657,15.0540000,100.0520000,0.0007332
5.4000000,74.7079836,15.0540000,100.0520000,0.0005501
5.4100000,74.8080014,15.0540000,100.0520000,0.0003209
5.4200000,74.9080193,15.0540000,100.0520000,0.0004125
5.4300000,75.0080371,15.0540000,100.0520000,0.0004585
5.4400000,75.1080550,15.0540000,100.0520000,0.0005042
5.4500000,75.2080729,15.0540000,100.0520000,0.0005042
5.4600000,75.3080907,15.0540000,100.0520000,0.0007334
5.4700000,75.4081086,15.0540000,100.0520000,0.0006419
5.4800000,75.5081265,15.0540000,100.0520000,0.0003667
5.4900000,75.6081443,15.0540000,100.0520000,0.0005958
5.5000000,75.7081622,15.0540000,100.0520000,0.0007793
5.5100000,75.8081800,15.0540000,100.0520000,0.0004586
5.5200000,75.9081979,15.0540000,100.0530000,0.0004584
5.5300000,76.0082158,15.0540000,100.0530000,0.0002292
5.5400000,76.1082336,15.0540000,100.0530000,0.0003208
5.5500000,76.2082515,15.0540000,100.0530000,0.0005042
5.5600000,76.3082693,15.0540000,100.0530000,0.0007334
5.5700000,76.4082872,15.0540000,100.0530000,0.0005955
5.5800000,76.5083051,15.0540000,100.0530000,0.0005497
5.5900000,76.6083229,15.0540000,100.0530000,0.0006414
5.6000000,76.7083408,15.0540000,100.0530000,0.0005041
5.6100000,76.8083586,15.0540000,100.0530000,0.0005956
5.6200000,76.9083765,15.0540000,100.0530000,0.0008705
5.6300000,77.0083944,15.0540000,100.0530000,0.0004581
5.6400000,77.1084122,15.0540000,100.0530000,0.0007329
5.6500000,77.2084301,15.0540000,100.0530000,0.0004579
5.6600000,77.3084479,15.0540000,100.0530000,0.0005952
5.6700000,77.4084658,15.0540000,100.0530000,0.0004577
5.6800000,77.5084837,15.0540000,100.0530000,0.0004577
5.6900000,77.6085015,15.0540000,100.0530000,0.0006406
5.7000000,77.7085194,15.0540000,100.0530000,0.0004578
5.7100000,77.8085372,15.0540000,100.0530000,0.0003204
5.7200000,77.9085551,15.0540000,100.0530000,0.0003204
5.7300000,78.0085730,15.0540000,100.0530000,0.0005493
5.7400000,78.1085908,15.0540000,100.0540000,0.0001831
5.7500000,78.2086087,15.0540000,100.0540000,0.0002288
5.7600000,78.3086265,15.0540000,100.0540000,0.0002746
5.7700000,78.4086444,15.0540000,100.0540000,0.0003205
5.7800000,78.5086623,15.0540000,100.0540000,0.0003205
5.7900000,78.6086801,15.0540000,100.0540000,0.0002747
5.8000000,78.7086980,15.0540000,100.0540000,0.0000916
5.8100000,78.8087158,15.0540000,100.0540000,0.0001832
5.8200000,78.9087337,15.0540000,100.0540000,0.0002747
5.8300000,79.0087516,15.0540000,100.0540000,0.0001832
5.8400000,79.1087694,15.0540000,100.0540000,0.0004123
5.8500000,79.2087873,15.0540000,100.0540000,0.0004581
5.8600000,79.3088051,15.0540000,100.0540000,0.0002748
5.8700000,79.4088230,15.0540000,100.0540000,0.0000916
5.8800000,79.5088409,15.0540000,100.0540000,0.0003664
5.8900000,79.6088587,15.0540000,100.0540000,0.0001833
5.9000000,79.7088766,15.0540000,100.0540000,0.0003206
5.9100000,79.8088944,15.0540000,100.0540000,0.0000000
5.9200000,79.9089123,15.0540000,100.0540000,0.0002748
5.9300000,80.0089302,15.0540000,100.0540000,0.0001832
5.9400000,80.1089480,15.0540000,100.0540000,0.0002748
5.9500000,80.2089659,15.0540000,100.0540000,0.0001374
5.9600000,80.3089837,15.0540000,100.0540000,0.0001832
5.9700000,80.4090016,15.0540000,100.0540000,0.0001832
5.9800000,80.5090195,15.0540000,100.0540000,0.0000000
5.9900000,80.6090373,15.0540000,100.0540000,0.0001374
6.0000000,80.7090552,15.0540000,100.0540000,0.0003206
6.0100000,80.8090730,15.0540000,100.0540000,0.0005955
6.0200000,80.9090909,15.0540000,100.0550000,0.0005037
6.0300000,81.0091088,15.0540000,100.0550000,0.0004121
6.0400000,81.1091266,15.0540000,100.0550000,0.0005036
6.0500000,81.2091445,15.0540000,100.0550000,0.0001373
6.0600000,81.3091624,15.0540000,100.0550000,0.0005037
6.0700000,81.4091802,15.0540000,100.0550000,0.0002289
6.0800000,81.5091981,15.0540000,100.0550000,0.0000000
6.0900000,81.6092159,15.0540000,100.0550000,0.0001374
6.1000000,81.7092338,15.0540000,100.0550000,0.0003662
6.1100000,81.8092517,15.0540000,100.0550000,0.0001830
6.1200000,81.9092695,15.0540000,100.0550000,0.0000915
6.1300000,82.0092874,15.0540000,100.0550000,0.0001830
6.1400000,82.1093052,15.0540000,100.0550000,0.0001373
6.1500000,82.2093231,15.0540000,100.0550000,0.0002747
6.1600000,82.3093410,15.0540000,100.0550000,0.0001830
6.1700000,82.4093588,15.0540000,100.0550000,0.0003203
6.1800000,82.5093767,15.0540000,100.0550000,0.0002288
6.1900000,82.6093945,15.0540000,100.0550000,0.0000458
6.2000000,82.7094124,15.0540000,100.0550000,0.0000457
6.2100000,82.8094303,15.0540000,100.0550000,0.0002287
6.2200000,82.9094481,15.0540000,100.0550000,0.0004573
6.2300000,83.0094660,15.0540000,100.0550000,0.0003657
6.2400000,83.1094838,15.0540000,100.0550000,0.0004573
6.2500000,83.2095017,15.0540000,100.0550000,0.0004117
6.2600000,83.3095196,15.0540000,100.0550000,0.0004573
6.2700000,83.4095374,15.0540000,100.0550000,0.0006403
6.2800000,83.5095553,15.0540000,100.0550000,0.0008691
6.2900000,83.6095731,15.0540000,100.0550000,0.0005489
6.3000000,83.7095910,15.0540000,100.0560000,0.0005949
6.3100000,83.8096089,15.0540000,100.0560000,0.0006406
6.3200000,83.9096267,15.0540000,100.0560000,0.0003661
6.3300000,84.0096446,15.0540000,100.0560000,0.0000458
6.3400000,84.1096624,15.0540000,100.0560000,0.0000915
6.3500000,84.2096803,15.0540000,100.0560000,0.0000915
6.3600000,84.3096982,15.0540000,100.0560000,0.0003204
6.3700000,84.4097160,15.0540000,100.0560000,0.0004118
6.3800000,84.5097339,15.0540000,100.0560000,0.0005948
6.3900000,84.6097517,15.0540000,100.0560000,0.0003203
6.4000000,84.7097696,15.0540000,100.0560000,0.0003660
6.4100000,84.8097875,15.0540000,100.0560000,0.0005034
6.4200000,84.9098053,15.0540000,100.0560000,0.0001830
6.4300000,85.0098232,15.0540000,100.0560000,0.0003660
6.4400000,85.1098410,15.0540000,100.0560000,0.0005948
6.4500000,85.2098589,15.0540000,100.0560000,0.0004573
6.4600000,85.3098768,15.0540000,100.0560000,0.0003203
6.4700000,85.4098946,15.0540000,100.0560000,0.0003660
6.4800000,85.5099125,15.0540000,100.0560000,0.0002287
6.4900000,85.6099303,15.0540000,100.0560000,0.0002286
6.5000000,85.7099482,15.0540000,100.0560000,0.0005030
6.5100000,85.8099661,15.0540000,100.0560000,0.0004574
6.5200000,85.9099839,15.0540000,100.0560000,0.0003201
6.5300000,86.0100018,15.0540000,100.0560000,0.0005029
6.5400000,86.1100196,15.0540000,100.0560000,0.0005030
6.5500000,86.2100375,15.0540000,100.0560000,0.0002286
6.5600000,86.3100554,15.0540000,100.0560000,0.0004117
6.5700000,86.4100732,15.0540000,100.0560000,0.0000915
6.5800000,86.5100911,15.0540000,100.0560000,0.0002288
6.5900000,86.6101089,15.0540000,100.0560000,0.0000915
6.6000000,86.7101268,15.0540000,100.0560000,-0.0002287
6.6100000,86.8101447,15.0540000,100.0560000,-0.0002288
6.6200000,86.9101625,15.0540000,100.0560000,-0.0000458
6.6300000,87.0101804,15.0540000,100.0560000,0.0002288
6.6400000,87.1101982,15.0540000,100.0570000,-0.0001831
6.6500000,87.2102161,15.0540000,100.0570000,0.0003661
6.6600000,87.3102340,15.0540000,100.0570000,0.0001373
6.6700000,87.4102518,15.0540000,100.0570000,0.0002289
6.6800000,87.5102697,15.0540000,100.0570000,0.0002746
6.6900000,87.6102876,15.0540000,100.0570000,0.0002289
6.7000000,87.7103054,15.0540000,100.0570000,0.0002290
6.7100000,87.8103233,15.0540000,100.0570000,0.0001373
6.7200000,87.9103411,15.0540000,100.0570000,0.0001832
6.7300000,88.0103590,15.0540000,100.0570000,0.0005035
6.7400000,88.1103769,15.0540000,100.0570000,0.0004577
6.7500000,88.2103947,15.0540000,100.0570000,0.0003205
6.7600000,88.3104126,15.0540000,100.0570000,0.0001374
6.7700000,88.4104304,15.0540000,100.0570000,0.0002289
6.7800000,88.5104483,15.0540000,100.0570000,0.0004119
6.7900000,88.6104662,15.0540000,100.0570000,0.0000916
6.8000000,88.7104840,15.0540000,100.0570000,0.0000916
6.8100000,88.8105019,15.0540000,100.0570000,-0.0001375
6.8200000,88.9105197,15.0540000,100.0570000,0.0000458
6.8300000,89.0105376,15.0540000,100.0570000,0.0002291
6.8400000,89.1105555,15.0540000,100.0570000,0.0001832
6.8500000,89.2105733,15.0540000,100.0570000,-0.0000915
6.8600000,89.3105912,15.0540000,100.0570000,-0.0002289
6.8700000,89.4106090,15.0540000,100.0570000,-0.0002746
6.8800000,89.5106269,15.0540000,100.0570000,-0.0003661
6.8900000,89.6106448,15.0540000,100.0570000,0.0000000
6.9000000,89.7106626,15.0540000,100.0570000,0.0004118
6.9100000,89.8106805,15.0540000,100.0570000,-0.0000458
6.9200000,89.9106983,15.0540000,100.0570000,0.0000000
6.9300000,90.0107162,15.0540000,100.0570000,0.0000915
6.9400000,90.1107341,15.0540000,100.0570000,0.0002288
6.9500000,90.2107519,15.0540000,100.0570000,0.0002288
6.9600000,90.3107698,15.0540000,100.0570000,0.0004574
6.9700000,90.4107876,15.0540000,100.0570000,0.0003202
6.9800000,90.5108055,15.0540000,100.0570000,0.0005489
6.9900000,90.6108234,15.0540000,100.0570000,0.0006860
7.0000000,90.7108412,15.0540000,100.0570000,0.0004116
7.0100000,90.8108591,15.0540000,100.0570000,0.0003202
7.0200000,90.9108769,15.0540000,100.0570000,0.0002744
7.0300000,91.0108948,15.0540000,100.0570000,0.0003202
7.0400000,91.1109127,15.0540000,100.0570000,0.0002288
7.0500000,91.2109305,15.0540000,100.0570000,0.0004116
7.0600000,91.3109484,15.0540000,100.0570000,0.0002287
7.0700000,91.4109662,15.0540000,100.0570000,0.0000914
7.0800000,91.5109841,15.0540000,100.0570000,-0.0000915
7.0900000,91.6110020,15.0540000,100.0570000,0.0000915
7.1000000,91.7110198,15.0540000,100.0570000,0.0001829
7.1100000,91.8110377,15.0540000,100.0570000,0.0002744
7.1200000,91.9110555,15.0540000,100.0570000,0.0000915
7.1300000,92.0110734,15.0540000,100.0570000,-0.0000915
7.1400000,92.1110913,15.0540000,100.0570000,0.0000000
7.1500000,92.2111091,15.0540000,100.0580000,0.0004117
7.1600000,92.3111270,15.0540000,100.0580000,0.0002286
7.1700000,92.4111448,15.0540000,100.0580000,0.0002286
7.1800000,92.5111627,15.0540000,100.0580000,0.0000457
7.1900000,92.6111806,15.0540000,100.0580000,0.0001371
7.2000000,92.7111984,15.0540000,100.0580000,0.0002743
7.2100000,92.8112163,15.0540000,100.0580000,0.0001827
7.2200000,92.9112341,15.0540000,100.0580000,0.0005027
7.2300000,93.0112520,15.0540000,100.0580000,0.0002743
7.2400000,93.1112699,15.0540000,100.0580000,0.0002285
7.2500000,93.2112877,15.0540000,100.0580000,0.0001828
7.2600000,93.3113056,15.0540000,100.0580000,0.0004570
7.2700000,93.4113235,15.0540000,100.0580000,0.0002742
7.2800000,93.5113413,15.0540000,100.0580000,-0.0001828
7.2900000,93.6113592,15.0540000,100.0580000,0.0002286
7.3000000,93.7113770,15.0540000,100.0580000,-0.0000457
7.3100000,93.8113949,15.0540000,100.0580000,-0.0000457
7.3200000,93.9114128,15.0540000,100.0580000,-0.0000457
7.3300000,94.0114306,15.0540000,100.0580000,0.0000457
7.3400000,94.1114485,15.0540000,100.0580000,-0.0000457
7.3500000,94.2114663,15.0540000,100.0580000,0.0000457
7.3600000,94.3114842,15.0540000,100.0580000,-0.0000457
7.3700000,94.4115021,15.0540000,100.0580000,0.0000458
7.3800000,94.5115199,15.0540000,100.0580000,0.0000000
7.3900000,94.6115378,15.0540000,100.0580000,0.0002287
7.4000000,94.7115556,15.0540000,100.0580000,0.0000000
7.4100000,94.8115735,15.0540000,100.0580000,0.0002744
7.4200000,94.9115914,15.0540000,100.0580000,0.0001372
7.4300000,95.0116092,15.0540000,100.0580000,0.0003201
7.4400000,95.1116271,15.0550000,100.0580000,0.0000915
7.4500000,95.2116449,15.0550000,100.0580000,0.0002743
7.4600000,95.3116628,15.0550000,100.0580000,0.0005487
7.4700000,95.4116807,15.0550000,100.0580000,0.0002744
7.4800000,95.5116985,15.0550000,100.0580000,0.0004571
7.4900000,95.6117164,15.0550000,100.0580000,0.0005943
7.5000000,95.7117342,15.0550000,100.0580000,0.0003657
7.5100000,95.8117521,15.0550000,100.0580000,0.0000000
7.5200000,95.9117700,15.0550000,100.0580000,0.0000457
7.5300000,96.0117878,15.0550000,100.0580000,0.0002744
7.5400000,96.1118057,15.0550000,100.0580000,0.0003658
7.5500000,96.2118235,15.0550000,100.0580000,0.0001372
7.5600000,96.3118414,15.0550000,100.0580000,0.0005489
7.5700000,96.4118593,15.0550000,100.0580000,0.0002744
7.5800000,96.5118771,15.0550000,100.0580000,0.0002286
7.5900000,96.6118950,15.0550000,100.0580000,0.0000000
7.6000000,96.7119128,15.0550000,100.0580000,-0.0001371
7.6100000,96.8119307,15.0550000,100.0580000,0.0000914
7.6200000,96.9119486,15.0550000,100.0580000,0.0000457
7.6300000,97.0119664,15.0550000,100.0580000,-0.0000914
7.6400000,97.1119843,15.0550000,100.0580000,0.0000915
7.6500000,97.2120021,15.0550000,100.0580000,0.0001372
7.6600000,97.3120200,15.0550000,100.0580000,0.0004571
7.6700000,97.4120379,15.0550000,100.0580000,0.0000914
7.6800000,97.5120557,15.0550000,100.0580000,-0.0000000
7.6900000,97.6120736,15.0550000,100.0580000,0.0001830
7.7000000,97.7120914,15.0550000,100.0580000,0.0000000
7.7100000,97.8121093,15.0550000,100.0580000,0.0001372
7.7200000,97.9121272,15.0550000,100.0580000,0.0000000
7.7300000,98.0121450,15.0550000,100.0580000,0.0000000
7.7400000,98.1121629,15.0550000,100.0580000,-0.0001372
7.7500000,98.2121807,15.0550000,100.0580000,-0.0000915
7.7600000,98.3121986,15.0550000,100.0580000,-0.0000457
7.7700000,98.4122165,15.0550000,100.0580000,0.0000914
7.7800000,98.5122343,15.0550000,100.0580000,-0.0001829
7.7900000,98.6122522,15.0550000,100.0580000,-0.0001372
7.8000000,98.7122700,15.0550000,100.0590000,-0.0003202
7.8100000,98.8122879,15.0550000,100.0590000,-0.0000457
7.8200000,98.9123058,15.0550000,100.0590000,-0.0001372
7.8300000,99.0123236,15.0550000,100.0590000,-0.0001830
7.8400000,99.1123415,15.0550000,100.0580000,-0.0002287
7.8500000,99.2123593,15.0550000,100.0580000,-0.0003202
7.8600000,99.3123772,15.0550000,100.0580000,-0.0002288
7.8700000,99.4123951,15.0550000,100.0580000,-0.0003204
7.8800000,99.5124129,15.0550000,100.0580000,-0.0001373
7.8900000,99.6124308,15.0550000,100.0580000,-0.0000915
7.9000000,99.7124487,15.0550000,100.0580000,-0.0002288
7.9100000,99.8124665,15.0550000,100.0580000,-0.0000457
7.9200000,99.9124844,15.0550000,100.0580000,-0.0000457
7.9300000,100.0125022,15.0550000,100.0580000,-0.0002747
7.9400000,100.1125201,15.0550000,100.0580000,0.0001373
7.9500000,100.2125380,15.0550000,100.0580000,0.0000916
7.9600000,100.3125558,15.0550000,100.0580000,0.0001373
7.9700000,100.4125737,15.0550000,100.0580000,0.0003204
7.9800000,100.5125915,15.0550000,100.0580000,0.0003662
7.9900000,100.6126094,15.0550000,100.0580000,0.0001373
8.0000000,100.7126273,15.0550000,100.0580000,-0.0001373
8.0100000,100.8126451,15.0550000,100.0580000,-0.0002289
8.0200000,100.9126630,15.0550000,100.0580000,-0.0003206
8.0300000,101.0126808,15.0550000,100.0580000,-0.0005496
8.0400000,101.1126987,15.0550000,100.0580000,-0.0001374
8.0500000,101.2127166,15.0550000,100.0580000,-0.0000916
8.0600000,101.3127344,15.0550000,100.0580000,-0.0000916
8.0700000,101.4127523,15.0550000,100.0580000,0.0001373
8.0800000,101.5127701,15.0550000,100.0580000,-0.0000916
8.0900000,101.6127880,15.0550000,100.0580000,-0.0003664
8.1000000,101.7128059,15.0550000,100.0580000,-0.0001832
8.1100000,101.8128237,15.0550000,100.0580000,0.0001374
8.1200000,101.9128416,15.0550000,100.0580000,-0.0000916
8.1300000,102.0128594,15.0540000,100.0580000,-0.0000916
8.1400000,102.1128773,15.0540000,100.0580000,0.0000458
8.1500000,102.2128952,15.0540000,100.0580000,0.0002291
8.1600000,102.3129130,15.0540000,100.0580000,0.0000000
8.1700000,102.4129309,15.0540000,100.0580000,0.0001375
8.1800000,102.5129487,15.0540000,100.0580000,0.0001833
8.1900000,102.6129666,15.0540000,100.0580000,0.0001375
8.2000000,102.7129845,15.0540000,100.0580000,0.0000000
8.2100000,102.8130023,15.0540000,100.0580000,-0.0002291
8.2200000,102.9130202,15.0540000,100.0580000,-0.0004581
8.2300000,103.0130380,15.0540000,100.0580000,-0.0003664
8.2400000,103.1130559,15.0540000,100.0580000,0.0000000
8.2500000,103.2130738,15.0540000,100.0580000,-0.0000458
8.2600000,103.3130916,15.0540000,100.0580000,-0.0003664
8.2700000,103.4131095,15.0540000,100.0580000,-0.0005038
8.2800000,103.5131273,15.0540000,100.0580000,-0.0003663
8.2900000,103.6131452,15.0540000,100.0580000,-0.0004122
8.3000000,103.7131631,15.0540000,100.0580000,-0.0003206
8.3100000,103.8131809,15.0540000,100.0580000,-0.0001374
8.3200000,103.9131988,15.0540000,100.0580000,-0.0003662
8.3300000,104.0132166,15.0540000,100.0580000,-0.0001373
8.3400000,104.1132345,15.0540000,100.0580000,-0.0004578
8.3500000,104.2132524,15.0540000,100.0580000,-0.0000458
8.3600000,104.3132702,15.0540000,100.0580000,-0.0001373
8.3700000,104.4132881,15.0540000,100.0580000,-0.0002289
8.3800000,104.5133059,15.0540000,100.0580000,0.0000000
8.3900000,104.6133238,15.0540000,100.0580000,-0.0002288
8.4000000,104.7133417,15.0540000,100.0580000,-0.0001830
8.4100000,104.8133595,15.0540000,100.0580000,-0.0002287
8.4200000,104.9133774,15.0540000,100.0580000,-0.0003659
8.4300000,105.0133952,15.0540000,100.0570000,-0.0006404
8.4400000,105.1134131,15.0540000,100.0570000,-0.0003202
8.4500000,105.2134310,15.0540000,100.0570000,-0.0002744
8.4600000,105.3134488,15.0540000,100.0570000,-0.0001830
8.4700000,105.4134667,15.0540000,100.0570000,-0.0003202
8.4800000,105.5134846,15.0540000,100.0570000,-0.0001829
8.4900000,105.6135024,15.0540000,100.0570000,-0.0001372
8.5000000,105.7135203,15.0540000,100.0570000,-0.0002287
8.5100000,105.8135381,15.0540000,100.0570000,0.0000000
8.5200000,105.9135560,15.0540000,100.0570000,-0.0000914
8.5300000,106.0135739,15.0540000,100.0570000,0.0000914
8.5400000,106.1135917,15.0540000,100.0570000,-0.0002286
8.5500000,106.2136096,15.0540000,100.0570000,-0.0003657
8.5600000,106.3136274,15.0540000,100.0570000,-0.0003658
8.5700000,106.4136453,15.0540000,100.0570000,-0.0003658
8.5800000,106.5136632,15.0540000,100.0570000,-0.0001372
8.5900000,106.6136810,15.0540000,100.0570000,-0.0000457
8.6000000,106.7136989,15.0540000,100.0570000,-0.0003200
8.6100000,106.8137167,15.0540000,100.0570000,-0.0000914
8.6200000,106.9137346,15.0540000,100.0570000,0.0000457
8.6300000,107.0137525,15.0540000,100.0570000,-0.0000915
8.6400000,107.1137703,15.0540000,100.0570000,-0.0001372
8.6500000,107.2137882,15.0540000,100.0570000,-0.0002287
8.6600000,107.3138060,15.0540000,100.0570000,-0.0001829
8.6700000,107.4138239,15.0540000,100.0570000,0.0000000
8.6800000,107.5138418,15.0540000,100.0570000,-0.0000915
8.6900000,107.6138596,15.0540000,100.0570000,0.0000000
8.7000000,107.7138775,15.0540000,100.0570000,-0.0001831
8.7100000,107.8138953,15.0540000,100.0570000,-0.0005492
8.7200000,107.9139132,15.0540000,100.0570000,-0.0005951
8.7300000,108.0139311,15.0540000,100.0570000,-0.0004578
8.7400000,108.1139489,15.0540000,100.0570000,-0.0004578
8.7500000,108.2139668,15.0540000,100.0570000,-0.0001831
8.7600000,108.3139846,15.0540000,100.0570000,-0.0000915
8.7700000,108.4140025,15.0540000,100.0570000,-0.0002289
8.7800000,108.5140204,15.0540000,100.0570000,0.0000000
8.7900000,108.6140382,15.0540000,100.0570000,0.0000915
8.8000000,108.7140561,15.0540000,100.0570000,0.0000458
8.8100000,108.8140739,15.0540000,100.0570000,-0.0001374
8.8200000,108.9140918,15.0540000,100.0570000,0.0000458
8.8300000,109.0141097,15.0540000,100.0570000,0.0000000
8.8400000,109.1141275,15.0540000,100.0570000,-0.0000458
8.8500000,109.2141454,15.0540000,100.0570000,0.0003660
8.8600000,109.3141632,15.0540000,100.0570000,0.0003658
8.8700000,109.4141811,15.0540000,100.0570000,0.0002743
8.8800000,109.5141990,15.0540000,100.0570000,-0.0002742
8.8900000,109.6142168,15.0540000,100.0570000,-0.0001827
8.9000000,109.7142347,15.0540000,100.0570000,-0.0003199
8.9100000,109.8142525,15.0540000,100.0570000,-0.0004568
8.9200000,109.9142704,15.0540000,100.0570000,-0.0003655
8.9300000,110.0142883,15.0540000,100.0570000,-0.0004568
8.9400000,110.1143061,15.0540000,100.0570000,-0.0005940
8.9500000,110.2143240,15.0540000,100.0570000,-0.0005483
8.9600000,110.3143418,15.0540000,100.0560000,-0.0008679
8.9700000,110.4143597,15.0540000,100.0560000,-0.0007764
8.9800000,110.5143776,15.0540000,100.0560000,-0.0005483
8.9900000,110.6143954,15.0540000,100.0560000,0.0002742
9.0000000,110.7144133,15.0540000,100.0560000,0.0004113
9.0100000,110.8144311,15.0540000,100.0560000,-0.0000919
9.0200000,110.9144490,15.0540000,100.0560000,-0.0011968
9.0300000,111.0144669,15.0540000,100.0560000,-0.0008298
9.0400000,111.1144847,15.0540000,100.0560000,-0.0004152
9.0500000,111.2145026,15.0540000,100.0560000,-0.0003692
9.0600000,111.3145205,15.0540000,100.0560000,-0.0009238
9.0700000,111.4145383,15.0540000,100.0560000,-0.0012010
9.0800000,111.5145562,15.0540000,100.0560000,-0.0005545
9.0900000,111.6145740,15.0540000,100.0560000,-0.0006010
9.1000000,111.7145919,15.0540000,100.0560000,-0.0009707
9.1100000,111.8146098,15.0540000,100.0560000,-0.0008317
9.1200000,111.9146276,15.0540000,100.0560000,-0.0006931
9.1300000,112.0146455,15.0540000,100.0560000,-0.0007392
9.1400000,112.1146633,15.0540000,100.0560000,-0.0002771
9.1500000,112.2146812,15.0540000,100.0560000,0.0000462
9.1600000,112.3146991,15.0540000,100.0560000,-0.0003694
9.1700000,112.4147169,15.0540000,100.0560000,-0.0005078
9.1800000,112.5147348,15.0540000,100.0560000,-0.0006001
9.1900000,112.6147526,15.0540000,100.0560000,-0.0001845
9.2000000,112.7147705,15.0540000,100.0560000,0.0001844
9.2100000,112.8147884,15.0540000,100.0560000,0.0003685
9.2200000,112.9148062,15.0540000,100.0560000,0.0000000
9.2300000,113.0148241,15.0540000,100.0560000,-0.0005062
9.2400000,113.1148419,15.0540000,100.0560000,-0.0005981
9.2500000,113.2148598,15.0540000,100.0560000,-0.0003220
9.2600000,113.3148777,15.0540000,100.0560000,-0.0001838
9.2700000,113.4148955,15.0540000,100.0550000,0.0000919
9.2800000,113.5149134,15.0540000,100.0550000,-0.0003673
9.2900000,113.6149312,15.0540000,100.0550000,-0.0009182
9.3000000,113.7149491,15.0540000,100.0550000,-0.0005965
9.3100000,113.8149670,15.0540000,100.0550000,-0.0005047
9.3200000,113.9149848,15.0540000,100.0550000,-0.0001375
9.3300000,114.0150027,15.0540000,100.0550000,-0.0005956
9.3400000,114.1150205,15.0540000,100.0550000,-0.0003664
9.3500000,114.2150384,15.0540000,100.0550000,-0.0003662
9.3600000,114.3150563,15.0540000,100.0550000,-0.0003205
9.3700000,114.4150741,15.0540000,100.0550000,-0.0002747
9.3800000,114.5150920,15.0540000,100.0550000,-0.0005492
9.3900000,114.6151098,15.0540000,100.0550000,-0.0005948
9.4000000,114.7151277,15.0540000,100.0550000,-0.0003202
9.4100000,114.8151456,15.0540000,100.0550000,-0.0000915
9.4200000,114.9151634,15.0540000,100.0550000,0.0000458
9.4300000,115.0151813,15.0540000,100.0550000,0.0001372
9.4400000,115.1151991,15.0540000,100.0550000,-0.0003659
9.4500000,115.2152170,15.0540000,100.0550000,-0.0007774
9.4600000,115.3152349,15.0540000,100.0550000,-0.0004573
9.4700000,115.4152527,15.0540000,100.0550000,-0.0002744
9.4800000,115.5152706,15.0540000,100.0550000,-0.0000914
9.4900000,115.6152884,15.0540000,100.0550000,0.0000457
9.5000000,115.7153063,15.0540000,100.0550000,-0.0003655
9.5100000,115.8153242,15.0540000,100.0540000,-0.0004110
9.5200000,115.9153420,15.0540000,100.0540000,-0.0000913
9.5300000,116.0153599,15.0540000,100.0540000,-0.0000913
9.5400000,116.1153777,15.0540000,100.0540000,-0.0002739
9.5500000,116.2153956,15.0540000,100.0540000,-0.0007762
9.5600000,116.3154135,15.0540000,100.0540000,-0.0006848
9.5700000,116.4154313,15.0540000,100.0540000,-0.0005936
9.5800000,116.5154492,15.0540000,100.0540000,-0.0004109
9.5900000,116.6154670,15.0540000,100.0540000,-0.0002739
9.6000000,116.7154849,15.0540000,100.0540000,-0.0005020
9.6100000,116.8155028,15.0540000,100.0540000,-0.0007758
9.6200000,116.9155206,15.0540000,100.0540000,-0.0003650
9.6300000,117.0155385,15.0540000,100.0540000,-0.0002281
9.6400000,117.1155563,15.0540000,100.0540000,-0.0001825
9.6500000,117.2155742,15.0540000,100.0540000,0.0000913
9.6600000,117.3155921,15.0540000,100.0540000,-0.0001825
9.6700000,117.4156099,15.0540000,100.0540000,-0.0005478
9.6800000,117.5156278,15.0540000,100.0540000,-0.0002281
9.6900000,117.6156457,15.0540000,100.0540000,-0.0002280
9.7000000,117.7156635,15.0540000,100.0540000,-0.0000456
9.7100000,117.8156814,15.0540000,100.0540000,-0.0003645
9.7200000,117.9156992,15.0540000,100.0540000,-0.0002733
9.7300000,118.0157171,15.0540000,100.0540000,-0.0003643
9.7400000,118.1157350,15.0540000,100.0540000,-0.0002277
9.7500000,118.2157528,15.0540000,100.0540000,-0.0004556
9.7600000,118.3157707,15.0540000,100.0540000,-0.0007291
9.7700000,118.4157885,15.0540000,100.0540000,-0.0009573
9.7800000,118.5158064,15.0540000,100.0530000,-0.0007751
9.7900000,118.6158243,15.0540000,100.0530000,-0.0005928
9.8000000,118.7158421,15.0540000,100.0530000,-0.0002280
9.8100000,118.8158600,15.0540000,100.0530000,-0.0006385
9.8200000,118.9158778,15.0540000,100.0530000,-0.0007759
9.8300000,119.0158957,15.0540000,100.0530000,-0.0007762
9.8400000,119.1159136,15.0540000,100.0530000,-0.0010960
9.8500000,119.2159314,15.0540000,100.0530000,-0.0004110
9.8600000,119.3159493,15.0540000,100.0530000,-0.0003655
9.8700000,119.4159671,15.0540000,100.0530000,-0.0000914
9.8800000,119.5159850,15.0540000,100.0530000,-0.0002743
9.8900000,119.6160029,15.0540000,100.0530000,-0.0004575
9.9000000,119.7160207,15.0540000,100.0530000,-0.0003659
9.9100000,119.8160386,15.0540000,100.0530000,0.0000000
9.9200000,119.9160564,15.0540000,100.0530000,0.0000915
9.9300000,120.0160743,15.0540000,100.0530000,0.0000000
9.9400000,120.1160922,15.0540000,100.0530000,-0.0003659
9.9500000,120.2161100,15.0540000,100.0530000,-0.0001829
9.9600000,120.3161279,15.0540000,100.0530000,0.0000915
9.9700000,120.4161457,15.0540000,100.0530000,0.0000000
9.9800000,120.5161636,15.0540000,100.0530000,-0.0003660
9.9900000,120.6161815,15.0540000,100.0530000,0.0000000
10.0000000,120.7161993,15.0540000,100.0530000,-0.0002287
10.0100000,120.8162172,15.0540000,100.0530000,-0.0001372
10.0200000,120.9162350,15.0540000,100.0530000,-0.0002287
10.0300000,121.0162529,15.0540000,100.0530000,-0.0001829
10.0400000,121.1162708,15.0540000,100.0530000,-0.0005029
10.0500000,121.2162886,15.0540000,100.0530000,-0.0005944
10.0600000,121.3163065,15.0540000,100.0530000,-0.0003658
10.0700000,121.4163243,15.0540000,100.0530000,0.0002286
10.0800000,121.5163422,15.0540000,100.0530000,0.0001372
10.0900000,121.6163601,15.0540000,100.0530000,-0.0002744
10.1000000,121.7163779,15.0540000,100.0530000,-0.0004114
10.1100000,121.8163958,15.0540000,100.0530000,-0.0003657
10.1200000,121.9164136,15.0540000,100.0530000,-0.0002285
10.1300000,122.0164315,15.0540000,100.0530000,-0.0004116
10.1400000,122.1164494,15.0540000,100.0530000,-0.0005030
10.1500000,122.2164672,15.0540000,100.0530000,-0.0002744
10.1600000,122.3164851,15.0540000,100.0530000,0.0004576
10.1700000,122.4165029,15.0540000,100.0530000,0.0008236
10.1800000,122.5165208,15.0540000,100.0530000,0.0009607
10.1900000,122.6165387,15.0540000,100.0530000,0.0003205
10.2000000,122.7165565,15.0540000,100.0530000,-0.0003663
10.2100000,122.8165744,15.0540000,100.0530000,-0.0005951
10.2200000,122.9165922,15.0540000,100.0530000,-0.0003205
10.2300000,123.0166101,15.0540000,100.0530000,-0.0003206
10.2400000,123.1166280,15.0540000,100.0530000,-0.0007788
10.2500000,123.2166458,15.0540000,100.0530000,-0.0006414
10.2600000,123.3166637,15.0540000,100.0530000,-0.0010541
10.2700000,123.4166816,15.0540000,100.0520000,-0.0007791
10.2800000,123.5166994,15.0540000,100.0520000,-0.0004126
10.2900000,123.6167173,15.0540000,100.0520000,-0.0001834
10.3000000,123.7167351,15.0540000,100.0520000,-0.0003667
10.3100000,123.8167530,15.0540000,100.0520000,-0.0005503
10.3200000,123.9167709,15.0540000,100.0520000,-0.0004584
10.3300000,124.0167887,15.0540000,100.0520000,-0.0003210
10.3400000,124.1168066,15.0540000,100.0520000,-0.0004127
10.3500000,124.2168244,15.0540000,100.0520000,-0.0004585
10.3600000,124.3168423,15.0540000,100.0520000,-0.0004586
10.3700000,124.4168602,15.0540000,100.0520000,-0.0006422
10.3800000,124.5168780,15.0540000,100.0520000,-0.0004128
10.3900000,124.6168959,15.0540000,100.0520000,0.0000459
10.4000000,124.7169137,15.0540000,100.0520000,0.0000917
10.4100000,124.8169316,15.0540000,100.0520000,-0.0001376
10.4200000,124.9169495,15.0540000,100.0520000,-0.0005045
10.4300000,125.0169673,15.0540000,100.0520000,-0.0007798
10.4400000,125.1169852,15.0540000,100.0520000,-0.0007798
10.4500000,125.2170030,15.0540000,100.0520000,-0.0008256
10.4600000,125.3170209,15.0540000,100.0520000,-0.0005046
10.4700000,125.4170388,15.0540000,100.0520000,-0.0006422
10.4800000,125.5170566,15.0530000,100.0510000,-0.0010090
10.4900000,125.6170745,15.0530000,100.0510000,-0.0009632
10.5000000,125.7170923,15.0530000,100.0510000,-0.0008714
10.5100000,125.8171102,15.0530000,100.0510000,-0.0006419
10.5200000,125.9171281,15.0530000,100.0510000,-0.0007792
10.5300000,126.0171459,15.0530000,100.0510000,-0.0004581
10.5400000,126.1171638,15.0530000,100.0510000,-0.0004123
10.5500000,126.2171816,15.0530000,100.0510000,-0.0001374
10.5600000,126.3171995,15.0530000,100.0510000,-0.0001832
10.5700000,126.4172174,15.0530000,100.0510000,-0.0001832
10.5800000,126.5172352,15.0530000,100.0510000,0.0000000
10.5900000,126.6172531,15.0530000,100.0510000,-0.0002290
10.6000000,126.7172709,15.0530000,100.0510000,0.0000458
10.6100000,126.8172888,15.0530000,100.0510000,-0.0001375
10.6200000,126.9173067,15.0530000,100.0510000,0.0000916
10.6300000,127.0173245,15.0530000,100.0510000,0.0001374
10.6400000,127.1173424,15.0530000,100.0510000,0.0001833
10.6500000,127.2173602,15.0530000,100.0510000,0.0000000
10.6600000,127.3173781,15.0530000,100.0510000,-0.0000916
10.6700000,127.4173960,15.0530000,100.0510000,-0.0003206
10.6800000,127.5174138,15.0530000,100.0510000,-0.0005038
10.6900000,127.6174317,15.0530000,100.0510000,-0.0006412
10.7000000,127.7174495,15.0530000,100.0510000,-0.0005955
10.7100000,127.8174674,15.0530000,100.0510000,-0.0010079
10.7200000,127.9174853,15.0530000,100.0510000,-0.0007789
10.7300000,128.0175031,15.0530000,100.0510000,-0.0009622
10.7400000,128.1175210,15.0530000,100.0510000,-0.0008249
10.7500000,128.2175388,15.0530000,100.0510000,-0.0009626
10.7600000,128.3175567,15.0530000,100.0510000,-0.0009166
10.7700000,128.4175746,15.0530000,100.0500000,-0.0004125
10.7800000,128.5175924,15.0530000,100.0500000,-0.0003208
10.7900000,128.6176103,15.0530000,100.0500000,-0.0001834
10.8000000,128.7176281,15.0530000,100.0500000,-0.0003208
10.8100000,128.8176460,15.0530000,100.0500000,-0.0000917
10.8200000,128.9176639,15.0530000,100.0500000,0.0004126
10.8300000,129.0176817,15.0530000,100.0500000,0.0005501
10.8400000,129.1176996,15.0530000,100.0500000,0.0002293
10.8500000,129.2177174,15.0530000,100.0500000,-0.0000917
10.8600000,129.3177353,15.0530000,100.0500000,-0.0003667
10.8700000,129.4177532,15.0530000,100.0500000,-0.0004127
10.8800000,129.5177710,15.0530000,100.0500000,-0.0004128
10.8900000,129.6177889,15.0530000,100.0500000,-0.0003210
10.9000000,129.7178068,15.0530000,100.0500000,-0.0002293
10.9100000,129.8178246,15.0530000,100.0500000,-0.0005043
10.9200000,129.9178425,15.0530000,100.0500000,-0.0007335
10.9300000,130.0178603,15.0530000,100.0500000,-0.0009624
10.9400000,130.1178782,15.0530000,100.0500000,-0.0007334
10.9500000,130.2178961,15.0530000,100.0500000,-0.0005959
10.9600000,130.3179139,15.0530000,100.0500000,-0.0006418
10.9700000,130.4179318,15.0530000,100.0500000,-0.0008710
10.9800000,130.5179496,15.0530000,100.0490000,-0.0008249
10.9900000,130.6179675,15.0530000,100.0490000,-0.0008249
11.0000000,130.7179854,15.0530000,100.0490000,-0.0007336
11.0100000,130.8180032,15.0530000,100.0490000,-0.0005500
11.0200000,130.9180211,15.0530000,100.0490000,-0.0006874
11.0300000,131.0180389,15.0530000,100.0490000,-0.0008251
11.0400000,131.1180568,15.0530000,100.0490000,-0.0006416
11.0500000,131.2180747,15.0530000,100.0490000,-0.0004126
11.0600000,131.3180925,15.0530000,100.0490000,-0.0002291
11.0700000,131.4181104,15.0530000,100.0490000,-0.0004126
11.0800000,131.5181282,15.0530000,100.0490000,-0.0005042
11.0900000,131.6181461,15.0530000,100.0490000,-0.0005958
11.1000000,131.7181640,15.0530000,100.0490000,-0.0003666
11.1100000,131.8181818,15.0530000,100.0490000,-0.0004584
11.1200000,131.9181997,15.0530000,100.0490000,-0.0004582
11.1300000,132.0182175,15.0530000,100.0490000,-0.0006872
11.1400000,132.1182354,15.0530000,100.0490000,-0.0008708
11.1500000,132.2182533,15.0530000,100.0490000,-0.0005959
11.1600000,132.3182711,15.0530000,100.0490000,-0.0006417
11.1700000,132.4182890,15.0530000,100.0480000,-0.0004586
11.1800000,132.5183068,15.0530000,100.0480000,-0.0006417
11.1900000,132.6183247,15.0530000,100.0480000,-0.0007335
11.2000000,132.7183426,15.0530000,100.0480000,-0.0009628
11.2100000,132.8183604,15.0530000,100.0480000,-0.0006873
11.2200000,132.9183783,15.0530000,100.0480000,-0.0005956
11.2300000,133.0183961,15.0530000,100.0480000,-0.0005499
11.2400000,133.1184140,15.0530000,100.0480000,-0.0006416
11.2500000,133.2184319,15.0530000,100.0480000,-0.0005038
11.2600000,133.3184497,15.0530000,100.0480000,-0.0003665
11.2700000,133.4184676,15.0530000,100.0480000,-0.0000915
11.2800000,133.5184854,15.0530000,100.0480000,0.0000000
11.2900000,133.6185033,15.0530000,100.0480000,-0.0001831
11.3000000,133.7185212,15.0530000,100.0480000,-0.0001831
11.3100000,133.8185390,15.0530000,100.0480000,-0.0001831
11.3200000,133.9185569,15.0530000,100.0480000,0.0000000
11.3300000,134.0185747,15.0530000,100.0480000,-0.0001373
11.3400000,134.1185926,15.0530000,100.0480000,-0.0002287
11.3500000,134.2186105,15.0530000,100.0480000,-0.0002288
11.3600000,134.3186283,15.0530000,100.0480000,-0.0002287
11.3700000,134.4186462,15.0530000,100.0480000,-0.0005490
11.3800000,134.5186640,15.0530000,100.0480000,-0.0005493
11.3900000,134.6186819,15.0530000,100.0480000,-0.0005034
11.4000000,134.7186998,15.0530000,100.0470000,-0.0008233
11.4100000,134.8187176,15.0530000,100.0470000,-0.0009610
11.4200000,134.9187355,15.0530000,100.0470000,-0.0007780
11.4300000,135.0187533,15.0530000,100.0470000,-0.0007321
11.4400000,135.1187712,15.0530000,100.0470000,-0.0007777
11.4500000,135.2187891,15.0530000,100.0470000,-0.0005948
11.4600000,135.3188069,15.0530000,100.0470000,-0.0009148
11.4700000,135.4188248,15.0530000,100.0470000,-0.0008694
11.4800000,135.5188427,15.0530000,100.0470000,-0.0008236
11.4900000,135.6188605,15.0530000,100.0470000,-0.0009151
11.5000000,135.7188784,15.0530000,100.0470000,-0.0008694
11.5100000,135.8188962,15.0530000,100.0470000,-0.0009153
11.5200000,135.9189141,15.0530000,100.0470000,-0.0010067
11.5300000,136.0189320,15.0530000,100.0460000,-0.0010521
11.5400000,136.1189498,15.0530000,100.0460000,-0.0008690
11.5500000,136.2189677,15.0530000,100.0460000,-0.0007775
11.5600000,136.3189855,15.0530000,100.0460000,-0.0005945
11.5700000,136.4190034,15.0530000,100.0460000,-0.0005486
11.5800000,136.5190213,15.0530000,100.0460000,-0.0010058
11.5900000,136.6190391,15.0530000,100.0460000,-0.0009143
11.6000000,136.7190570,15.0530000,100.0460000,-0.0011880
11.6100000,136.8190748,15.0530000,100.0460000,-0.0011423
11.6200000,136.9190927,15.0530000,100.0460000,-0.0015078
11.6300000,137.0191106,15.0530000,100.0450000,-0.0016446
11.6400000,137.1191284,15.0530000,100.0450000,-0.0014165
11.6500000,137.2191463,15.0530000,100.0450000,-0.0015078
11.6600000,137.3191641,15.0530000,100.0450000,-0.0018733
11.6700000,137.4191820,15.0530000,100.0450000,-0.0016446
11.6800000,137.5191999,15.0520000,100.0450000,-0.0017816
11.6900000,137.6192177,15.0520000,100.0450000,-0.0020096
11.7000000,137.7192356,15.0520000,100.0440000,-0.0014158
11.7100000,137.8192534,15.0520000,100.0440000,-0.0013702
11.7200000,137.9192713,15.0520000,100.0440000,-0.0015065
11.7300000,138.0192892,15.0520000,100.0440000,-0.0017349
11.7400000,138.1193070,15.0520000,100.0440000,-0.0017354
11.7500000,138.2193249,15.0520000,100.0440000,-0.0016898
11.7600000,138.3193427,15.0520000,100.0430000,-0.0015073
11.7700000,138.4193606,15.0520000,100.0430000,-0.0015988
11.7800000,138.5193785,15.0520000,100.0430000,-0.0014616
11.7900000,138.6193963,15.0520000,100.0430000,-0.0016903
11.8000000,138.7194142,15.0520000,100.0430000,-0.0016443
11.8100000,138.8194320,15.0520000,100.0430000,-0.0019183
11.8200000,138.9194499,15.0520000,100.0420000,-0.0018268
11.8300000,139.0194678,15.0520000,100.0420000,-0.0019635
11.8400000,139.1194856,15.0520000,100.0420000,-0.0020086
11.8500000,139.2195035,15.0520000,100.0420000,-0.0020535
11.8600000,139.3195213,15.0520000,100.0410000,-0.0020531
11.8700000,139.4195392,15.0520000,100.0410000,-0.0022800
11.8800000,139.5195571,15.0520000,100.0410000,-0.0020966
11.8900000,139.6195749,15.0520000,100.0410000,-0.0022328
11.9000000,139.7195928,15.0520000,100.0410000,-0.0026428
11.9100000,139.8196106,15.0520000,100.0400000,-0.0024135
11.9200000,139.9196285,15.0520000,100.0400000,-0.0018215
11.9300000,140.0196464,15.0520000,100.0400000,-0.0024579
11.9400000,140.1196642,15.0520000,100.0400000,-0.0025489
11.9500000,140.2196821,15.0520000,100.0390000,-0.0025489
11.9600000,140.3196999,15.0520000,100.0390000,-0.0025485
11.9700000,140.4197178,15.0520000,100.0390000,-0.0025944
11.9800000,140.5197357,15.0520000,100.0390000,-0.0024124
11.9900000,140.6197535,15.0520000,100.0380000,-0.0022754
12.0000000,140.7197714,15.0510000,100.0380000,-0.0023203
12.0100000,140.8197892,15.0510000,100.0380000,-0.0025468
12.0200000,140.9198071,15.0510000,100.0380000,-0.0025016
12.0300000,141.0198250,15.0510000,100.0370000,-0.0024097
12.0400000,141.1198428,15.0510000,100.0370000,-0.0028174
12.0500000,141.2198607,15.0510000,100.0370000,-0.0027267
12.0600000,141.3198785,15.0510000,100.0370000,-0.0026364
12.0700000,141.4198964,15.0510000,100.0360000,-0.0027267
12.0800000,141.5199143,15.0510000,100.0360000,-0.0029091
12.0900000,141.6199321,15.0510000,100.0360000,-0.0030915
12.1000000,141.7199500,15.0510000,100.0350000,-0.0032273
12.1100000,141.8199679,15.0510000,100.0350000,-0.0031824
12.1200000,141.9199857,15.0510000,100.0350000,-0.0030000
12.1300000,142.0200036,15.0510000,100.0350000,-0.0031364
12.1400000,142.1200214,15.0510000,100.0340000,-0.0030458
12.1500000,142.2200393,15.0510000,100.0340000,-0.0026814
12.1600000,142.3200572,15.0510000,100.0340000,-0.0026371
12.1700000,142.4200750,15.0510000,100.0340000,-0.0029550
12.1800000,142.5200929,15.0510000,100.0330000,-0.0025928
12.1900000,142.6201107,15.0510000,100.0330000,-0.0024113
12.2000000,142.7201286,15.0510000,100.0330000,-0.0025023
12.2100000,142.8201465,15.0510000,100.0320000,-0.0023658
12.2200000,142.9201643,15.0510000,100.0320000,-0.0023220
12.2300000,143.0201822,15.0510000,100.0320000,-0.0023686
12.2400000,143.1202000,15.0510000,100.0320000,-0.0023686
12.2500000,143.2202179,15.0500000,100.0310000,-0.0022779
12.2600000,143.3202358,15.0500000,100.0310000,-0.0022785
12.2700000,143.4202536,15.0500000,100.0310000,-0.0024620
12.2800000,143.5202715,15.0500000,100.0310000,-0.0024619
12.2900000,143.6202893,15.0500000,100.0300000,-0.0025540
12.3000000,143.7203072,15.0500000,100.0300000,-0.0024633
12.3100000,143.8203251,15.0500000,100.0300000,-0.0021902
12.3200000,143.9203429,15.0500000,100.0300000,-0.0024187
12.3300000,144.0203608,15.0500000,100.0290000,-0.0023731
12.3400000,144.1203786,15.0500000,100.0290000,-0.0024201
12.3500000,144.2203965,15.0500000,100.0290000,-0.0025110
12.3600000,144.3204144,15.0500000,100.0290000,-0.0023294
12.3700000,144.4204322,15.0500000,100.0280000,-0.0026035
12.3800000,144.5204501,15.0500000,100.0280000,-0.0026496
12.3900000,144.6204679,15.0500000,100.0280000,-0.0024212
12.4000000,144.7204858,15.0500000,100.0280000,-0.0025137
12.4100000,144.8205037,15.0500000,100.0270000,-0.0020570
12.4200000,144.9205215,15.0500000,100.0270000,-0.0020113
12.4300000,145.0205394,15.0500000,100.0270000,-0.0027440
12.4400000,145.1205572,15.0500000,100.0270000,-0.0022906
12.4500000,145.2205751,15.0500000,100.0260000,-0.0021082
12.4600000,145.3205930,15.0500000,100.0260000,-0.0020161
12.4700000,145.4206108,15.0500000,100.0260000,-0.0022906
12.4800000,145.5206287,15.0500000,100.0260000,-0.0018776
12.4900000,145.6206465,15.0500000,100.0260000,-0.0019222
12.5000000,145.7206644,15.0500000,100.0250000,-0.0021964
12.5100000,145.8206823,15.0500000,100.0250000,-0.0021980
12.5200000,145.9207001,15.0500000,100.0250000,-0.0022900
12.5300000,146.0207180,15.0490000,100.0250000,-0.0025658
12.5400000,146.1207358,15.0490000,100.0240000,-0.0023373
12.5500000,146.2207537,15.0490000,100.0240000,-0.0023377
12.5600000,146.3207716,15.0490000,100.0240000,-0.0023386
12.5700000,146.4207894,15.0490000,100.0240000,-0.0022473
12.5800000,146.5208073,15.0490000,100.0240000,-0.0026147
12.5900000,146.6208251,15.0490000,100.0230000,-0.0020661
12.6000000,146.7208430,15.0490000,100.0230000,-0.0021124
12.6100000,146.8208609,15.0490000,100.0230000,-0.0022965
12.6200000,146.9208787,15.0490000,100.0230000,-0.0021134
12.6300000,147.0208966,15.0490000,100.0230000,-0.0017914
12.6400000,147.1209144,15.0490000,100.0220000,-0.0020658
12.6500000,147.2209323,15.0490000,100.0220000,-0.0021574
12.6600000,147.3209502,15.0490000,100.0220000,-0.0022950
12.6700000,147.4209680,15.0490000,100.0220000,-0.0022039
12.6800000,147.5209859,15.0490000,100.0220000,-0.0025257
12.6900000,147.6210038,15.0490000,100.0210000,-0.0021126
12.7000000,147.7210216,15.0490000,100.0210000,-0.0021124
12.7100000,147.8210395,15.0490000,100.0210000,-0.0019284
12.7200000,147.9210573,15.0490000,100.0210000,-0.0019752
12.7300000,148.0210752,15.0490000,100.0210000,-0.0018837
12.7400000,148.1210931,15.0490000,100.0210000,-0.0016991
12.7500000,148.2211109,15.0490000,100.0200000,-0.0017455
12.7600000,148.3211288,15.0490000,100.0200000,-0.0020211
12.7700000,148.4211466,15.0490000,100.0200000,-0.0019302
12.7800000,148.5211645,15.0490000,100.0200000,-0.0017919
12.7900000,148.6211824,15.0490000,100.0200000,-0.0017004
12.8000000,148.7212002,15.0490000,100.0190000,-0.0017009
12.8100000,148.8212181,15.0490000,100.0190000,-0.0017004
12.8200000,148.9212359,15.0490000,100.0190000,-0.0014706
12.8300000,149.0212538,15.0490000,100.0190000,-0.0014710
12.8400000,149.1212717,15.0490000,100.0190000,-0.0017009
12.8500000,149.2212895,15.0490000,100.0180000,-0.0018389
12.8600000,149.3213074,15.0480000,100.0180000,-0.0019757
12.8700000,149.4213252,15.0480000,100.0180000,-0.0014703
12.8800000,149.5213431,15.0480000,100.0180000,-0.0017455
12.8900000,149.6213610,15.0480000,100.0180000,-0.0016993
12.9000000,149.7213788,15.0480000,100.0170000,-0.0017914
12.9100000,149.8213967,15.0480000,100.0170000,-0.0017452
12.9200000,149.9214145,15.0480000,100.0170000,-0.0016535
12.9300000,150.0214324,15.0480000,100.0170000,-0.0018369
12.9400000,150.1214503,15.0480000,100.0170000,-0.0015156
12.9500000,150.2214681,15.0480000,100.0170000,-0.0024343
12.9600000,150.3214860,15.0480000,100.0160000,-0.0016549
12.9700000,150.4215038,15.0480000,100.0160000,-0.0017468
12.9800000,150.5215217,15.0480000,100.0160000,-0.0020684
12.9900000,150.6215396,15.0480000,100.0160000,-0.0020684
13.0000000,150.7215574,15.0480000,100.0160000,-0.0017455
13.0100000,150.8215753,15.0480000,100.0150000,-0.0018821
13.0200000,150.9215931,15.0480000,100.0150000,-0.0020202
13.0300000,151.0216110,15.0480000,100.0150000,-0.0018825
13.0400000,151.1216289,15.0480000,100.0150000,-0.0020198
13.0500000,151.2216467,15.0480000,100.0150000,-0.0015611
13.0600000,151.3216646,15.0480000,100.0140000,-0.0017901
13.0700000,151.4216824,15.0480000,100.0140000,-0.0020198
13.0800000,151.5217003,15.0480000,100.0140000,-0.0019282
13.0900000,151.6217182,15.0480000,100.0140000,-0.0020202
13.1000000,151.7217360,15.0480000,100.0140000,-0.0017906
13.1100000,151.8217539,15.0480000,100.0130000,-0.0017909
13.1200000,151.9217717,15.0480000,100.0130000,-0.0021136
13.1300000,152.0217896,15.0480000,100.0130000,-0.0021590
13.1400000,152.1218075,15.0480000,100.0130000,-0.0021134
13.1500000,152.2218253,15.0480000,100.0130000,-0.0021595
13.1600000,152.3218432,15.0480000,100.0120000,-0.0022502
13.1700000,152.4218610,15.0480000,100.0120000,-0.0019776
13.1800000,152.5218789,15.0480000,100.0120000,-0.0017476
13.1900000,152.6218968,15.0480000,100.0120000,-0.0018394
13.2000000,152.7219146,15.0480000,100.0120000,-0.0017471
13.2100000,152.8219325,15.0470000,100.0120000,-0.0020680
13.2200000,152.9219503,15.0470000,100.0110000,-0.0017002
13.2300000,153.0219682,15.0470000,100.0110000,-0.0015615
13.2400000,153.1219861,15.0470000,100.0110000,-0.0022023
13.2500000,153.2220039,15.0470000,100.0110000,-0.0021566
13.2600000,153.3220218,15.0470000,100.0110000,-0.0021097
13.2700000,153.4220396,15.0470000,100.0100000,-0.0015588
13.2800000,153.5220575,15.0470000,100.0100000,-0.0019255
13.2900000,153.6220754,15.0470000,100.0100000,-0.0017882
13.3000000,153.7220932,15.0470000,100.0100000,-0.0022467
13.3100000,153.8221111,15.0470000,100.0100000,-0.0021093
13.3200000,153.9221290,15.0470000,100.0100000,-0.0019261
13.3300000,154.0221468,15.0470000,100.0090000,-0.0018807
13.3400000,154.1221647,15.0470000,100.0090000,-0.0017427
13.3500000,154.2221825,15.0470000,100.0090000,-0.0020646
13.3600000,154.3222004,15.0470000,100.0090000,-0.0022028
13.3700000,154.4222183,15.0470000,100.0090000,-0.0019739
13.3800000,154.5222361,15.0470000,100.0080000,-0.0019278
13.3900000,154.6222540,15.0470000,100.0080000,-0.0016988
13.4000000,154.7222718,15.0470000,100.0080000,-0.0014695
13.4100000,154.8222897,15.0470000,100.0080000,-0.0017447
13.4200000,154.9223076,15.0470000,100.0080000,-0.0016985
13.4300000,155.0223254,15.0470000,100.0070000,-0.0017436
13.4400000,155.1223433,15.0470000,100.0070000,-0.0017898
13.4500000,155.2223611,15.0470000,100.0070000,-0.0019730
13.4600000,155.3223790,15.0470000,100.0070000,-0.0020189
13.4700000,155.4223969,15.0470000,100.0070000,-0.0022030
13.4800000,155.5224147,15.0470000,100.0060000,-0.0020187
13.4900000,155.6224326,15.0470000,100.0060000,-0.0019269
13.5000000,155.7224504,15.0470000,100.0060000,-0.0021560
13.5100000,155.8224683,15.0470000,100.0060000,-0.0022481
13.5200000,155.9224862,15.0470000,100.0050000,-0.0026147
13.5300000,156.0225040,15.0470000,100.0050000,-0.0023388
13.5400000,156.1225219,15.0470000,100.0050000,-0.0022462
13.5500000,156.2225397,15.0460000,100.0050000,-0.0020627
13.5600000,156.3225576,15.0460000,100.0050000,-0.0017885
13.5700000,156.4225755,15.0460000,100.0040000,-0.0018347
13.5800000,156.5225933,15.0460000,100.0040000,-0.0021556
13.5900000,156.6226112,15.0460000,100.0040000,-0.0019266
13.6000000,156.7226290,15.0460000,100.0040000,-0.0017890
13.6100000,156.8226469,15.0460000,100.0040000,-0.0016511
13.6200000,156.9226648,15.0460000,100.0030000,-0.0020642
13.6300000,157.0226826,15.0460000,100.0030000,-0.0021107
13.6400000,157.1227005,15.0460000,100.0030000,-0.0021109
13.6500000,157.2227183,15.0460000,100.0030000,-0.0021566
13.6600000,157.3227362,15.0460000,100.0030000,-0.0019271
13.6700000,157.4227541,15.0460000,100.0020000,-0.0019730
13.6800000,157.5227719,15.0460000,100.0020000,-0.0019275
13.6900000,157.6227898,15.0460000,100.0020000,-0.0022033
13.7000000,157.7228076,15.0460000,100.0020000,-0.0021103
13.7100000,157.8228255,15.0460000,100.0020000,-0.0018354
13.7200000,157.9228434,15.0460000,100.0020000,-0.0019728
13.7300000,158.0228612,15.0460000,100.0010000,-0.0022481
13.7400000,158.1228791,15.0460000,100.0010000,-0.0022016
13.7500000,158.2228969,15.0460000,100.0010000,-0.0020640
13.7600000,158.3229148,15.0460000,100.0010000,-0.0021097
13.7700000,158.4229327,15.0460000,100.0010000,-0.0022477
13.7800000,158.5229505,15.0460000,100.0000000,-0.0020178
13.7900000,158.6229684,15.0460000,100.0000000,-0.0019725
13.8000000,158.7229862,15.0460000,100.0000000,-0.0022012
13.8100000,158.8230041,15.0460000,100.0000000,-0.0022471
13.8200000,158.9230220,15.0460000,100.0000000,-0.0022010
13.8300000,159.0230398,15.0460000,99.9990000,-0.0023840
13.8400000,159.1230577,15.0460000,99.9990000,-0.0019261
13.8500000,159.2230755,15.0460000,99.9990000,-0.0020642
13.8600000,159.3230934,15.0460000,99.9990000,-0.0021104
13.8700000,159.4231113,15.0460000,99.9990000,-0.0018816
13.8800000,159.5231291,15.0450000,99.9980000,-0.0019729
13.8900000,159.6231470,15.0450000,99.9980000,-0.0018813
13.9000000,159.7231649,15.0450000,99.9980000,-0.0019266
13.9100000,159.8231827,15.0450000,99.9980000,-0.0022481
13.9200000,159.9232006,15.0450000,99.9970000,-0.0018343
13.9300000,160.0232184,15.0450000,99.9970000,-0.0017881
13.9400000,160.1232363,15.0450000,99.9970000,-0.0016506
13.9500000,160.2232542,15.0450000,99.9970000,-0.0016972
13.9600000,160.3232720,15.0450000,99.9970000,-0.0019266
13.9700000,160.4232899,15.0450000,99.9960000,-0.0018349
13.9800000,160.5233077,15.0450000,99.9960000,-0.0017431
13.9900000,160.6233256,15.0450000,99.9960000,-0.0017425
14.0000000,160.7233435,15.0450000,99.9960000,-0.0019263
14.0100000,160.8233613,15.0450000,99.9960000,-0.0022018
14.0200000,160.9233792,15.0450000,99.9950000,-0.0023383
14.0300000,161.0233970,15.0450000,99.9950000,-0.0022477
14.0400000,161.1234149,15.0450000,99.9950000,-0.0020642
14.0500000,161.2234328,15.0450000,99.9950000,-0.0019272
14.0600000,161.3234506,15.0450000,99.9950000,-0.0018810
14.0700000,161.4234685,15.0450000,99.9940000,-0.0020642
14.0800000,161.5234863,15.0450000,99.9940000,-0.0021101
14.0900000,161.6235042,15.0450000,99.9940000,-0.0022930
14.1000000,161.7235221,15.0450000,99.9940000,-0.0022018
14.1100000,161.8235399,15.0450000,99.9940000,-0.0019270
14.1200000,161.9235578,15.0450000,99.9930000,-0.0022018
14.1300000,162.0235756,15.0450000,99.9930000,-0.0022934
14.1400000,162.1235935,15.0450000,99.9930000,-0.0022481
14.1500000,162.2236114,15.0450000,99.9930000,-0.0020180
14.1600000,162.3236292,15.0450000,99.9930000,-0.0020642
14.1700000,162.4236471,15.0450000,99.9920000,-0.0021101
14.1800000,162.5236649,15.0450000,99.9920000,-0.0018354
14.1900000,162.6236828,15.0450000,99.9920000,-0.0022024
14.2000000,162.7237007,15.0450000,99.9920000,-0.0022024
14.2100000,162.8237185,15.0440000,99.9910000,-0.0022024
14.2200000,162.9237364,15.0440000,99.9910000,-0.0020642
14.2300000,163.0237542,15.0440000,99.9910000,-0.0021554
14.2400000,163.1237721,15.0440000,99.9910000,-0.0025676
14.2500000,163.2237900,15.0440000,99.9910000,-0.0024299
14.2600000,163.3238078,15.0440000,99.9900000,-0.0022462
14.2700000,163.4238257,15.0440000,99.9900000,-0.0022910
14.2800000,163.5238435,15.0440000,99.9900000,-0.0024736
14.2900000,163.6238614,15.0440000,99.9900000,-0.0025643
14.3000000,163.7238793,15.0440000,99.9890000,-0.0027010
14.3100000,163.8238971,15.0440000,99.9890000,-0.0024256
14.3200000,163.9239150,15.0440000,99.9890000,-0.0026087
14.3300000,164.0239328,15.0440000,99.9890000,-0.0023810
14.3400000,164.1239507,15.0440000,99.9890000,-0.0024256
14.3500000,164.2239686,15.0440000,99.9880000,-0.0023810
14.3600000,164.3239864,15.0440000,99.9880000,-0.0022896
14.3700000,164.4240043,15.0440000,99.9880000,-0.0021062
14.3800000,164.5240221,15.0440000,99.9880000,-0.0022434
14.3900000,164.6240400,15.0440000,99.9870000,-0.0019692
14.4000000,164.7240579,15.0440000,99.9870000,-0.0020608
14.4100000,164.8240757,15.0440000,99.9870000,-0.0019692
14.4200000,164.9240936,15.0440000,99.9870000,-0.0019238
14.4300000,165.0241114,15.0440000,99.9870000,-0.0020616
14.4400000,165.1241293,15.0440000,99.9860000,-0.0020614
14.4500000,165.2241472,15.0440000,99.9860000,-0.0020623
14.4600000,165.3241650,15.0440000,99.9860000,-0.0022450
14.4700000,165.4241829,15.0440000,99.9860000,-0.0021998
14.4800000,165.5242008,15.0440000,99.9850000,-0.0022450
14.4900000,165.6242186,15.0440000,99.9850000,-0.0021068
14.5000000,165.7242365,15.0430000,99.9850000,-0.0021984
14.5100000,165.8242543,15.0430000,99.9850000,-0.0022452
14.5200000,165.9242722,15.0430000,99.9840000,-0.0023831
14.5300000,166.0242901,15.0430000,99.9840000,-0.0022008
14.5400000,166.1243079,15.0430000,99.9840000,-0.0021095
14.5500000,166.2243258,15.0430000,99.9840000,-0.0021552
14.5700000,166.3243436,15.0430000,99.9840000,-0.0024766
14.5800000,166.4243615,15.0430000,99.9830000,-0.0021553
14.5800000,166.5243794,15.0430000,99.9830000,-0.0020637
14.6000000,166.6243972,15.0430000,99.9830000,-0.0019254
14.6000000,166.7244151,15.0430000,99.9830000,-0.0021091
14.6200000,166.8244329,15.0430000,99.9830000,-0.0022004
14.6300000,166.9244508,15.0430000,99.9820000,-0.0022919
14.6300000,167.0244687,15.0430000,99.9820000,-0.0022004
14.6500000,167.1244865,15.0430000,99.9820000,-0.0023838
14.6500000,167.2245044,15.0430000,99.9820000,-0.0024752
14.6700000,167.3245222,15.0430000,99.9810000,-0.0024296
14.6800000,167.4245401,15.0430000,99.9810000,-0.0023384
14.6800000,167.5245580,15.0430000,99.9810000,-0.0023849
14.7000000,167.6245758,15.0430000,99.9810000,-0.0025229
14.7000000,167.7245937,15.0430000,99.9800000,-0.0026605
14.7200000,167.8246115,15.0430000,99.9800000,-0.0022481
14.7300000,167.9246294,15.0430000,99.9800000,-0.0023401
14.7300000,168.0246473,15.0430000,99.9800000,-0.0024771
14.7500000,168.1246651,15.0430000,99.9790000,-0.0021572
14.7500000,168.2246830,15.0430000,99.9790000,-0.0025253
14.7700000,168.3247008,15.0430000,99.9790000,-0.0024800
14.7800000,168.4247187,15.0430000,99.9790000,-0.0024800
14.7800000,168.5247366,15.0430000,99.9780000,-0.0026178
14.8000000,168.6247544,15.0420000,99.9780000,-0.0031221
14.8000000,168.7247723,15.0420000,99.9780000,-0.0033508
14.8200000,168.8247901,15.0420000,99.9780000,-0.0035337
14.8300000,168.9248080,15.0420000,99.9770000,-0.0032601
14.8300000,169.0248259,15.0420000,99.9770000,-0.0026625
14.8500000,169.1248437,15.0420000,99.9770000,-0.0025248
14.8500000,169.2248616,15.0420000,99.9770000,-0.0026159
14.8700000,169.3248794,15.0420000,99.9760000,-0.0022477
14.8800000,169.4248973,15.0420000,99.9760000,-0.0023846
14.8800000,169.5249152,15.0420000,99.9760000,-0.0022929
14.9000000,169.6249330,15.0420000,99.9760000,-0.0024764
14.9000000,169.7249509,15.0420000,99.9750000,-0.0025676
14.9200000,169.8249687,15.0420000,99.9750000,-0.0024307
14.9300000,169.9249866,15.0420000,99.9750000,-0.0025227
14.9300000,170.0250045,15.0420000,99.9750000,-0.0021553
14.9500000,170.1250223,15.0420000,99.9740000,-0.0020169
14.9500000,170.2250402,15.0420000,99.9740000,-0.0022921
14.9700000,170.3250580,15.0420000,99.9740000,-0.0019707
14.9800000,170.4250759,15.0420000,99.9740000,-0.0020629
14.9800000,170.5250938,15.0420000,99.9740000,-0.0022461
15.0000000,170.6251116,15.0420000,99.9730000,-0.0022004
15.0000000,170.7251295,15.0420000,99.9730000,-0.0024294
15.0200000,170.8251473,15.0420000,99.9730000,-0.0022915
15.0300000,170.9251652,15.0420000,99.9730000,-0.0025665
15.0300000,171.0251831,15.0420000,99.9720000,-0.0022925
15.0500000,171.1252009,15.0420000,99.9720000,-0.0019716
15.0500000,171.2252188,15.0420000,99.9720000,-0.0019712
15.0700000,171.3252366,15.0420000,99.9720000,-0.0021540
15.0800000,171.4252545,15.0410000,99.9720000,-0.0020178
15.0800000,171.5252724,15.0410000,99.9710000,-0.0020174
15.1000000,171.6252902,15.0410000,99.9710000,-0.0021544
15.1000000,171.7253081,15.0410000,99.9710000,-0.0022471
15.1200000,171.8253260,15.0410000,99.9710000,-0.0020633
15.1300000,171.9253438,15.0410000,99.9700000,-0.0020174
15.1300000,172.0253617,15.0410000,99.9700000,-0.0020629
15.1500000,172.1253795,15.0410000,99.9700000,-0.0020636
15.1500000,172.2253974,15.0410000,99.9700000,-0.0019716
15.1700000,172.3254153,15.0410000,99.9700000,-0.0019254
15.1800000,172.4254331,15.0410000,99.9690000,-0.0020169
15.1800000,172.5254510,15.0410000,99.9690000,-0.0021992
15.2000000,172.6254688,15.0410000,99.9690000,-0.0021984
15.2000000,172.7254867,15.0410000,99.9690000,-0.0020599
15.2200000,172.8255046,15.0410000,99.9680000,-0.0014183
15.2300000,172.9255224,15.0410000,99.9680000,-0.0018265
15.2300000,173.0255403,15.0410000,99.9680000,-0.0016423
15.2500000,173.1255581,15.0410000,99.9680000,-0.0019617
15.2500000,173.2255760,15.0410000,99.9680000,-0.0021436
15.2700000,173.3255939,15.0410000,99.9670000,-0.0020529
15.2800000,173.4256117,15.0410000,99.9670000,-0.0020083
15.2800000,173.5256296,15.0410000,99.9670000,-0.0016434
15.3000000,173.6256474,15.0410000,99.9670000,-0.0029664
15.3000000,173.7256653,15.0410000,99.9660000,-0.0035741
15.3200000,173.8256832,15.0410000,99.9660000,-0.0033493
15.3300000,173.9257010,15.0410000,99.9660000,-0.0031216
15.3300000,174.0257189,15.0410000,99.9650000,-0.0032173
15.3500000,174.1257367,15.0400000,99.9650000,-0.0032638
15.3500000,174.2257546,15.0400000,99.9650000,-0.0034043
15.3700000,174.3257725,15.0400000,99.9640000,-0.0034058
15.3800000,174.4257903,15.0400000,99.9640000,-0.0032223
15.3800000,174.5258082,15.0400000,99.9640000,-0.0031763
15.4000000,174.6258260,15.0400000,99.9630000,-0.0030392
15.4000000,174.7258439,15.0400000,99.9630000,-0.0031780
15.4200000,174.8258618,15.0400000,99.9630000,-0.0031786
15.4300000,174.9258796,15.0400000,99.9620000,-0.0030847
15.4300000,175.0258975,15.0400000,99.9620000,-0.0029011
15.4500000,175.1259153,15.0400000,99.9620000,-0.0031302
15.4600000,175.2259332,15.0400000,99.9620000,-0.0029902
15.4700000,175.3259511,15.0400000,99.9610000,-0.0030819
15.4800000,175.4259689,15.0400000,99.9610000,-0.0034482
15.4900000,175.5259868,15.0400000,99.9610000,-0.0034946
15.5000000,175.6260046,15.0400000,99.9600000,-0.0031258
15.5100000,175.7260225,15.0400000,99.9600000,-0.0026635
15.5200000,175.8260404,15.0400000,99.9600000,-0.0028459
15.5300000,175.9260582,15.0400000,99.9590000,-0.0032124
15.5400000,176.0260761,15.0400000,99.9590000,-0.0031256
15.5500000,176.1260939,15.0400000,99.9590000,-0.0028044
15.5600000,176.2261118,15.0400000,99.9590000,-0.0027102
15.5700000,176.3261297,15.0390000,99.9580000,-0.0027556
15.5800000,176.4261475,15.0390000,99.9580000,-0.0031228
15.5900000,176.5261654,15.0390000,99.9580000,-0.0031680
15.6000000,176.6261832,15.0390000,99.9570000,-0.0029372
15.6100000,176.7262011,15.0390000,99.9570000,-0.0025229
15.6200000,176.8262190,15.0390000,99.9570000,-0.0021541
15.6300000,176.9262368,15.0390000,99.9570000,-0.0030697
15.6400000,177.0262547,15.0390000,99.9560000,-0.0031159
15.6500000,177.1262725,15.0390000,99.9560000,-0.0031150
15.6600000,177.2262904,15.0390000,99.9560000,-0.0028394
15.6700000,177.3263083,15.0390000,99.9550000,-0.0030683
15.6800000,177.4263261,15.0390000,99.9550000,-0.0031130
15.6900000,177.5263440,15.0390000,99.9550000,-0.0033447
15.7000000,177.6263619,15.0390000,99.9550000,-0.0034369
15.7100000,177.7263797,15.0390000,99.9540000,-0.0034366
15.7200000,177.8263976,15.0390000,99.9540000,-0.0032081
15.7300000,177.9264154,15.0390000,99.9540000,-0.0030692
15.7400000,178.0264333,15.0390000,99.9530000,-0.0030226
15.7500000,178.1264512,15.0390000,99.9530000,-0.0034789
15.7600000,178.2264690,15.0390000,99.9530000,-0.0033870
15.7700000,178.3264869,15.0390000,99.9520000,-0.0030664
15.7800000,178.4265047,15.0390000,99.9520000,-0.0027465
15.7900000,178.5265226,15.0390000,99.9520000,-0.0027007
15.8000000,178.6265405,15.0380000,99.9520000,-0.0026539
15.8100000,178.7265583,15.0380000,99.9510000,-0.0026995
15.8200000,178.8265762,15.0380000,99.9510000,-0.0029285
15.8300000,178.9265940,15.0380000,99.9510000,-0.0027457
15.8400000,179.0266119,15.0380000,99.9500000,-0.0027908
15.8500000,179.1266298,15.0380000,99.9500000,-0.0026535
15.8600000,179.2266476,15.0380000,99.9500000,-0.0026532
15.8700000,179.3266655,15.0380000,99.9500000,-0.0028825
15.8800000,179.4266833,15.0380000,99.9490000,-0.0026075
15.8900000,179.5267012,15.0380000,99.9490000,-0.0024242
15.9000000,179.6267191,15.0380000,99.9490000,-0.0027892
15.9100000,179.7267369,15.0380000,99.9480000,-0.0029277
15.9200000,179.8267548,15.0380000,99.9480000,-0.0031099
15.9300000,179.9267726,15.0380000,99.9480000,-0.0030173
15.9400000,180.0267905,15.0380000,99.9480000,-0.0027892
15.9500000,180.1268084,15.0380000,99.9470000,-0.0028336
15.9600000,180.2268262,15.0380000,99.9470000,-0.0024673
15.9700000,180.3268441,15.0380000,99.9470000,-0.0024212
15.9800000,180.4268619,15.0380000,99.9460000,-0.0027415
15.9900000,180.5268798,15.0380000,99.9460000,-0.0025132
16.0000000,180.6268977,15.0380000,99.9460000,-0.0026047
16.0100000,180.7269155,15.0380000,99.9460000,-0.0025590
16.0200000,180.8269334,15.0380000,99.9450000,-0.0024223
16.0300000,180.9269512,15.0370000,99.9450000,-0.0026032
16.0400000,181.0269691,15.0370000,99.9450000,-0.0025121
16.0500000,181.1269870,15.0370000,99.9450000,-0.0025121
16.0600000,181.2270048,15.0370000,99.9440000,-0.0023744
16.0700000,181.3270227,15.0370000,99.9440000,-0.0024662
16.0800000,181.4270405,15.0370000,99.9440000,-0.0026030
16.0900000,181.5270584,15.0370000,99.9430000,-0.0025121
16.1000000,181.6270763,15.0370000,99.9430000,-0.0026484
16.1100000,181.7270941,15.0370000,99.9430000,-0.0025126
16.1200000,181.8271120,15.0370000,99.9430000,-0.0027866
16.1300000,181.9271298,15.0370000,99.9420000,-0.0028793
16.1400000,182.0271477,15.0370000,99.9420000,-0.0028783
16.1500000,182.1271656,15.0370000,99.9420000,-0.0030622
16.1600000,182.2271834,15.0370000,99.9420000,-0.0028793
16.1700000,182.3272013,15.0370000,99.9410000,-0.0028342
16.1800000,182.4272191,15.0370000,99.9410000,-0.0027879
16.1900000,182.5272370,15.0370000,99.9410000,-0.0029245
16.2000000,182.6272549,15.0370000,99.9400000,-0.0027427
16.2100000,182.7272727,15.0370000,99.9400000,-0.0029716
16.2200000,182.8272906,15.0370000,99.9400000,-0.0030650
16.2300000,182.9273084,15.0370000,99.9400000,-0.0028352
16.2400000,183.0273263,15.0370000,99.9390000,-0.0027435
16.2500000,183.1273442,15.0370000,99.9390000,-0.0027457
16.2600000,183.2273620,15.0370000,99.9390000,-0.0027455
16.2700000,183.3273799,15.0360000,99.9380000,-0.0028373
16.2800000,183.4273977,15.0360000,99.9380000,-0.0029290
16.2900000,183.5274156,15.0360000,99.9380000,-0.0029743
16.3000000,183.6274335,15.0360000,99.9380000,-0.0030669
16.3100000,183.7274513,15.0360000,99.9370000,-0.0031141
16.3200000,183.8274692,15.0360000,99.9370000,-0.0030234
16.3300000,183.9274871,15.0360000,99.9370000,-0.0029309
16.3400000,184.0275049,15.0360000,99.9360000,-0.0028865
16.3500000,184.1275228,15.0360000,99.9360000,-0.0030242
16.3600000,184.2275406,15.0360000,99.9360000,-0.0031158
16.3700000,184.3275585,15.0360000,99.9360000,-0.0034372
16.3800000,184.4275764,15.0360000,99.9350000,-0.0029789
16.3900000,184.5275942,15.0360000,99.9350000,-0.0031622
16.4000000,184.6276121,15.0360000,99.9350000,-0.0033923
16.4100000,184.7276299,15.0360000,99.9340000,-0.0029328
16.4200000,184.8276478,15.0360000,99.9340000,-0.0030712
16.4300000,184.9276657,15.0360000,99.9340000,-0.0032551
16.4400000,185.0276835,15.0360000,99.9330000,-0.0029339
16.4500000,185.1277014,15.0360000,99.9330000,-0.0027510
16.4600000,185.2277192,15.0360000,99.9330000,-0.0028422
16.4700000,185.3277371,15.0360000,99.9330000,-0.0028880
16.4800000,185.4277550,15.0360000,99.9320000,-0.0028876
16.4900000,185.5277728,15.0360000,99.9320000,-0.0030256
16.5000000,185.6277907,15.0350000,99.9320000,-0.0028427
16.5100000,185.7278085,15.0350000,99.9310000,-0.0028430
16.5200000,185.8278264,15.0350000,99.9310000,-0.0030256
16.5300000,185.9278443,15.0350000,99.9310000,-0.0028432
16.5400000,186.0278621,15.0350000,99.9310000,-0.0031170
16.5500000,186.1278800,15.0350000,99.9300000,-0.0030256
16.5600000,186.2278978,15.0350000,99.9300000,-0.0029794
16.5700000,186.3279157,15.0350000,99.9300000,-0.0028873
16.5800000,186.4279336,15.0350000,99.9290000,-0.0029784
16.5900000,186.5279514,15.0350000,99.9290000,-0.0029778
16.6000000,186.6279693,15.0350000,99.9290000,-0.0028859
16.6100000,186.7279871,15.0350000,99.9290000,-0.0026566
16.6200000,186.8280050,15.0350000,99.9280000,-0.0029318
16.6300000,186.9280229,15.0350000,99.9280000,-0.0032509
16.6400000,187.0280407,15.0350000,99.9280000,-0.0027478
16.6500000,187.1280586,15.0350000,99.9270000,-0.0028394
16.6600000,187.2280764,15.0350000,99.9270000,-0.0026557
16.6700000,187.3280943,15.0350000,99.9270000,-0.0028838
16.6800000,187.4281122,15.0350000,99.9260000,-0.0029759
16.6900000,187.5281300,15.0350000,99.9260000,-0.0028388
16.7000000,187.6281479,15.0350000,99.9260000,-0.0030228
16.7100000,187.7281657,15.0350000,99.9260000,-0.0028838
16.7200000,187.8281836,15.0350000,99.9250000,-0.0026557
16.7300000,187.9282015,15.0340000,99.9250000,-0.0027475
16.7400000,188.0282193,15.0340000,99.9250000,-0.0030220
16.7500000,188.1282372,15.0340000,99.9240000,-0.0029304
16.7600000,188.2282550,15.0340000,99.9240000,-0.0028846
16.7700000,188.3282729,15.0340000,99.9240000,-0.0025183
16.7800000,188.4282908,15.0340000,99.9240000,-0.0029296
16.7900000,188.5283086,15.0340000,99.9230000,-0.0032051
16.8000000,188.6283265,15.0340000,99.9230000,-0.0034331
16.8100000,188.7283443,15.0340000,99.9230000,-0.0031593
16.8200000,188.8283622,15.0340000,99.9220000,-0.0028386
16.8300000,188.9283801,15.0340000,99.9220000,-0.0030225
16.8400000,189.0283979,15.0340000,99.9220000,-0.0031127
16.8500000,189.1284158,15.0340000,99.9210000,-0.0031130
16.8600000,189.2284336,15.0340000,99.9210000,-0.0029296
16.8700000,189.3284515,15.0340000,99.9210000,-0.0029757
16.8800000,189.4284694,15.0340000,99.9210000,-0.0029748
16.8900000,189.5284872,15.0340000,99.9200000,-0.0031579
16.9000000,189.6285051,15.0340000,99.9200000,-0.0033858
16.9100000,189.7285230,15.0340000,99.9200000,-0.0033407
16.9200000,189.8285408,15.0340000,99.9190000,-0.0032946
16.9300000,189.9285587,15.0340000,99.9190000,-0.0030198
16.9400000,190.0285765,15.0340000,99.9190000,-0.0031107
16.9500000,190.1285944,15.0330000,99.9180000,-0.0031568
16.9600000,190.2286123,15.0330000,99.9180000,-0.0032937
16.9700000,190.3286301,15.0330000,99.9180000,-0.0030658
16.9800000,190.4286480,15.0330000,99.9180000,-0.0030658
16.9900000,190.5286658,15.0330000,99.9170000,-0.0027457
17.0000000,190.6286837,15.0330000,99.9170000,-0.0029304
17.0100000,190.7287016,15.0330000,99.9170000,-0.0030212
17.0200000,190.8287194,15.0330000,99.9160000,-0.0029762
17.0300000,190.9287373,15.0330000,99.9160000,-0.0029296
17.0400000,191.0287551,15.0330000,99.9160000,-0.0025641
17.0500000,191.1287730,15.0330000,99.9150000,-0.0029754
17.0600000,191.2287909,15.0330000,99.9150000,-0.0029290
17.0700000,191.3288087,15.0330000,99.9150000,-0.0028375
17.0800000,191.4288266,15.0330000,99.9140000,-0.0030678
17.0900000,191.5288444,15.0330000,99.9140000,-0.0028383
17.1000000,191.6288623,15.0330000,99.9140000,-0.0029749
17.1100000,191.7288802,15.0330000,99.9140000,-0.0030214
17.1200000,191.8288980,15.0330000,99.9130000,-0.0029762
17.1300000,191.9289159,15.0330000,99.9130000,-0.0031127
17.1400000,192.0289337,15.0330000,99.9130000,-0.0031602
17.1500000,192.1289516,15.0330000,99.9120000,-0.0029770
17.1600000,192.2289695,15.0330000,99.9120000,-0.0032057
17.1700000,192.3289873,15.0320000,99.9120000,-0.0034350
17.1800000,192.4290052,15.0320000,99.9110000,-0.0031147
17.1900000,192.5290230,15.0320000,99.9110000,-0.0032054
17.2000000,192.6290409,15.0320000,99.9110000,-0.0029306
17.2100000,192.7290588,15.0320000,99.9100000,-0.0032518
17.2200000,192.8290766,15.0320000,99.9100000,-0.0032518
17.2300000,192.9290945,15.0320000,99.9100000,-0.0034350
17.2400000,193.0291123,15.0320000,99.9090000,-0.0032973
17.2500000,193.1291302,15.0320000,99.9090000,-0.0030692
17.2600000,193.2291481,15.0320000,99.9090000,-0.0032066
17.2700000,193.3291659,15.0320000,99.9080000,-0.0032066
17.2800000,193.4291838,15.0320000,99.9080000,-0.0032988
17.2900000,193.5292016,15.0320000,99.9080000,-0.0032530
17.3000000,193.6292195,15.0320000,99.9080000,-0.0032081
17.3100000,193.7292374,15.0320000,99.9070000,-0.0032530
17.3200000,193.8292552,15.0320000,99.9070000,-0.0031156
17.3300000,193.9292731,15.0320000,99.9070000,-0.0032997
17.3400000,194.0292909,15.0320000,99.9060000,-0.0033920
17.3500000,194.1293088,15.0320000,99.9060000,-0.0035748
17.3600000,194.2293267,15.0320000,99.9060000,-0.0034366
17.3700000,194.3293445,15.0320000,99.9050000,-0.0032988
17.3800000,194.4293624,15.0310000,99.9050000,-0.0031631
17.3900000,194.5293802,15.0310000,99.9050000,-0.0032548
17.4000000,194.6293981,15.0310000,99.9040000,-0.0032081
17.4100000,194.7294160,15.0310000,99.9040000,-0.0032991
17.4200000,194.8294338,15.0310000,99.9040000,-0.0032075
17.4300000,194.9294517,15.0310000,99.9030000,-0.0031622
17.4400000,195.0294695,15.0310000,99.9030000,-0.0030714
17.4500000,195.1294874,15.0310000,99.9030000,-0.0032548
17.4600000,195.2295053,15.0310000,99.9020000,-0.0030261
17.4700000,195.3295231,15.0310000,99.9020000,-0.0027974
17.4800000,195.4295410,15.0310000,99.9020000,-0.0028427
17.4900000,195.5295588,15.0310000,99.9020000,-0.0029350
17.5000000,195.6295767,15.0310000,99.9010000,-0.0029808
17.5100000,195.7295946,15.0310000,99.9010000,-0.0029811
17.5200000,195.8296124,15.0310000,99.9010000,-0.0027977
17.5300000,195.9296303,15.0310000,99.9000000,-0.0027974
17.5400000,196.0296482,15.0310000,99.9000000,-0.0030720
17.5500000,196.1296660,15.0310000,99.9000000,-0.0029358
17.5600000,196.2296839,15.0310000,99.8990000,-0.0030258
17.5700000,196.3297017,15.0310000,99.8990000,-0.0028881
17.5800000,196.4297196,15.0310000,99.8990000,-0.0030714
17.5900000,196.5297375,15.0300000,99.8980000,-0.0029786
17.6000000,196.6297553,15.0300000,99.8980000,-0.0028865
17.6100000,196.7297732,15.0300000,99.8980000,-0.0032066
17.6200000,196.8297910,15.0300000,99.8980000,-0.0032066
17.6300000,196.9298089,15.0300000,99.8970000,-0.0034357
17.6400000,197.0298268,15.0300000,99.8970000,-0.0033898
17.6500000,197.1298446,15.0300000,99.8970000,-0.0033440
17.6600000,197.2298625,15.0300000,99.8960000,-0.0032072
17.6700000,197.3298803,15.0300000,99.8960000,-0.0031158
17.6800000,197.4298982,15.0300000,99.8960000,-0.0031593
17.6900000,197.5299161,15.0300000,99.8950000,-0.0031136
17.7000000,197.6299339,15.0300000,99.8950000,-0.0031136
17.7100000,197.7299518,15.0300000,99.8950000,-0.0033434
17.7200000,197.8299696,15.0300000,99.8940000,-0.0033425
17.7300000,197.9299875,15.0300000,99.8940000,-0.0032043
17.7400000,198.0300054,15.0300000,99.8940000,-0.0033416
17.7500000,198.1300232,15.0300000,99.8930000,-0.0032494
17.7600000,198.2300411,15.0300000,99.8930000,-0.0029743
17.7700000,198.3300589,15.0300000,99.8930000,-0.0030663
17.7800000,198.4300768,15.0300000,99.8920000,-0.0030658
17.7900000,198.5300947,15.0300000,99.8920000,-0.0031556
17.8000000,198.6301125,15.0290000,99.8920000,-0.0031553
17.8100000,198.7301304,15.0290000,99.8920000,-0.0031099
17.8200000,198.8301482,15.0290000,99.8910000,-0.0031113
17.8300000,198.9301661,15.0290000,99.8910000,-0.0035227
17.8400000,199.0301840,15.0290000,99.8910000,-0.0033852
17.8500000,199.1302018,15.0290000,99.8900000,-0.0030198
17.8600000,199.2302197,15.0290000,99.8900000,-0.0026537
17.8700000,199.3302375,15.0290000,99.8900000,-0.0025629
17.8800000,199.4302554,15.0290000,99.8890000,-0.0027000
17.8900000,199.5302733,15.0290000,99.8890000,-0.0030666
17.9000000,199.6302911,15.0290000,99.8890000,-0.0037539
17.9100000,199.7303090,15.0290000,99.8880000,-0.0034341
17.9200000,199.8303268,15.0290000,99.8880000,-0.0032500
17.9300000,199.9303447,15.0290000,99.8880000,-0.0034325
17.9400000,200.0303626,15.0290000,99.8870000,-0.0030678
17.9500000,200.1303804,15.0290000,99.8870000,-0.0032961
17.9600000,200.2303983,15.0290000,99.8870000,-0.0033883
17.9700000,200.3304161,15.0290000,99.8870000,-0.0031588
17.9800000,200.4304340,15.0290000,99.8860000,-0.0029754
17.9900000,200.5304519,15.0290000,99.8860000,-0.0031579
18.0000000,200.6304697,15.0290000,99.8860000,-0.0029754
18.0100000,200.7304876,15.0280000,99.8850000,-0.0029765
18.0200000,200.8305054,15.0280000,99.8850000,-0.0030681
18.0300000,200.9305233,15.0280000,99.8850000,-0.0032060
18.0400000,201.0305412,15.0280000,99.8840000,-0.0030692
18.0500000,201.1305590,15.0280000,99.8840000,-0.0034357
18.0600000,201.2305769,15.0280000,99.8840000,-0.0030714
18.0700000,201.3305947,15.0280000,99.8830000,-0.0032089
18.0800000,201.4306126,15.0280000,99.8830000,-0.0030267
18.0900000,201.5306305,15.0280000,99.8830000,-0.0033018
18.1000000,201.6306483,15.0280000,99.8820000,-0.0034394
18.1100000,201.7306662,15.0280000,99.8820000,-0.0035317
18.1200000,201.8306841,15.0280000,99.8820000,-0.0037156
18.1300000,201.9307019,15.0280000,99.8810000,-0.0032577
18.1400000,202.0307198,15.0280000,99.8810000,-0.0036249
18.1500000,202.1307376,15.0280000,99.8810000,-0.0038532
18.1600000,202.2307555,15.0280000,99.8800000,-0.0036697
18.1700000,202.3307734,15.0280000,99.8800000,-0.0038063
18.1800000,202.4307912,15.0280000,99.8800000,-0.0034869
18.1900000,202.5308091,15.0280000,99.8790000,-0.0033037
18.2000000,202.6308269,15.0280000,99.8790000,-0.0034397
18.2100000,202.7308448,15.0270000,99.8790000,-0.0035773
18.2200000,202.8308627,15.0270000,99.8780000,-0.0034856
18.2300000,202.9308805,15.0270000,99.8780000,-0.0034846
18.2400000,203.0308984,15.0270000,99.8780000,-0.0033019
18.2500000,203.1309162,15.0270000,99.8770000,-0.0030714
18.2600000,203.2309341,15.0270000,99.8770000,-0.0030248
18.2700000,203.3309520,15.0270000,99.8770000,-0.0031150
18.2800000,203.4309698,15.0270000,99.8760000,-0.0033440
18.2900000,203.5309877,15.0270000,99.8760000,-0.0034350
18.3000000,203.6310055,15.0270000,99.8760000,-0.0032521
18.3100000,203.7310234,15.0270000,99.8750000,-0.0030686
18.3200000,203.8310413,15.0270000,99.8750000,-0.0030689
18.3300000,203.9310591,15.0270000,99.8750000,-0.0030683
18.3400000,204.0310770,15.0270000,99.8740000,-0.0032518
18.3500000,204.1310948,15.0270000,99.8740000,-0.0032524
18.3600000,204.2311127,15.0270000,99.8740000,-0.0032988
18.3700000,204.3311306,15.0270000,99.8730000,-0.0033440
18.3800000,204.4311484,15.0270000,99.8730000,-0.0033003
18.3900000,204.5311663,15.0270000,99.8730000,-0.0034846
18.4000000,204.6311841,15.0270000,99.8720000,-0.0035299
18.4100000,204.7312020,15.0260000,99.8720000,-0.0034388
18.4200000,204.8312199,15.0260000,99.8720000,-0.0033012
18.4300000,204.9312377,15.0260000,99.8710000,-0.0032072
18.4400000,205.0312556,15.0260000,99.8710000,-0.0033456
18.4500000,205.1312734,15.0260000,99.8710000,-0.0035295
18.4600000,205.2312913,15.0260000,99.8700000,-0.0037122
18.4700000,205.3313092,15.0260000,99.8700000,-0.0032997
18.4800000,205.4313270,15.0260000,99.8700000,-0.0033465
18.4900000,205.5313449,15.0260000,99.8690000,-0.0032078
18.5000000,205.6313627,15.0260000,99.8690000,-0.0032991
18.5100000,205.7313806,15.0260000,99.8680000,-0.0033908
18.5200000,205.8313985,15.0260000,99.8680000,-0.0034372
18.5300000,205.9314163,15.0260000,99.8680000,-0.0033933
18.5400000,206.0314342,15.0260000,99.8670000,-0.0034388
18.5500000,206.1314520,15.0260000,99.8670000,-0.0035321
18.5600000,206.2314699,15.0260000,99.8670000,-0.0034404
18.5700000,206.3314878,15.0260000,99.8660000,-0.0033486
18.5800000,206.4315056,15.0260000,99.8660000,-0.0034404
18.5900000,206.5315235,15.0260000,99.8660000,-0.0035796
18.6000000,206.6315413,15.0250000,99.8650000,-0.0035796
18.6100000,206.7315592,15.0250000,99.8650000,-0.0036731
18.6200000,206.8315771,15.0250000,99.8650000,-0.0035354
18.6300000,206.9315949,15.0250000,99.8640000,-0.0035829
18.6400000,207.0316128,15.0250000,99.8640000,-0.0033992
18.6500000,207.1316306,15.0250000,99.8640000,-0.0034904
18.6600000,207.2316485,15.0250000,99.8630000,-0.0034451
18.6700000,207.3316664,15.0250000,99.8630000,-0.0035354
18.6800000,207.4316842,15.0250000,99.8620000,-0.0035803
18.6900000,207.5317021,15.0250000,99.8620000,-0.0033967
18.7000000,207.6317199,15.0250000,99.8620000,-0.0034885
18.7100000,207.7317378,15.0250000,99.8610000,-0.0037173
18.7200000,207.8317557,15.0250000,99.8610000,-0.0037166
18.7300000,207.9317735,15.0250000,99.8610000,-0.0037156
18.7400000,208.0317914,15.0250000,99.8600000,-0.0033930
18.7500000,208.1318093,15.0250000,99.8600000,-0.0034847
18.7600000,208.2318271,15.0250000,99.8600000,-0.0035763
18.7700000,208.3318450,15.0250000,99.8590000,-0.0035295
18.7800000,208.4318628,15.0250000,99.8590000,-0.0035295
18.7900000,208.5318807,15.0240000,99.8590000,-0.0036677
18.8000000,208.6318986,15.0240000,99.8580000,-0.0035305
18.8100000,208.7319164,15.0240000,99.8580000,-0.0036222
18.8200000,208.8319343,15.0240000,99.8580000,-0.0033923
18.8300000,208.9319521,15.0240000,99.8570000,-0.0033920
18.8400000,209.0319700,15.0240000,99.8570000,-0.0036664
18.8500000,209.1319879,15.0240000,99.8570000,-0.0031631
18.8600000,209.2320057,15.0240000,99.8560000,-0.0033453
18.8700000,209.3320236,15.0240000,99.8560000,-0.0034818
18.8800000,209.4320414,15.0240000,99.8560000,-0.0035272
18.8900000,209.5320593,15.0240000,99.8550000,-0.0034331
18.9000000,209.6320772,15.0240000,99.8550000,-0.0034777
18.9100000,209.7320950,15.0240000,99.8550000,-0.0035682
18.9200000,209.8321129,15.0240000,99.8540000,-0.0034315
18.9300000,209.9321307,15.0240000,99.8540000,-0.0032961
18.9400000,210.0321486,15.0240000,99.8540000,-0.0033410
18.9500000,210.1321665,15.0240000,99.8530000,-0.0033419
18.9600000,210.2321843,15.0240000,99.8530000,-0.0032946
18.9700000,210.3322022,15.0240000,99.8530000,-0.0034319
18.9800000,210.4322200,15.0240000,99.8520000,-0.0032479
18.9900000,210.5322379,15.0230000,99.8520000,-0.0032027
19.0000000,210.6322558,15.0230000,99.8520000,-0.0036596
19.0100000,210.7322736,15.0230000,99.8510000,-0.0034776
19.0200000,210.8322915,15.0230000,99.8510000,-0.0035698
19.0300000,210.9323093,15.0230000,99.8500000,-0.0037088
19.0400000,211.0323272,15.0230000,99.8500000,-0.0034357
19.0500000,211.1323451,15.0230000,99.8500000,-0.0036199
19.0600000,211.2323629,15.0230000,99.8490000,-0.0035305
19.0700000,211.3323808,15.0230000,99.8490000,-0.0036222
19.0800000,211.4323986,15.0230000,99.8490000,-0.0035295
19.0900000,211.5324165,15.0230000,99.8480000,-0.0033935
19.1000000,211.6324344,15.0230000,99.8480000,-0.0034404
19.1100000,211.7324522,15.0230000,99.8470000,-0.0035315
19.1200000,211.8324701,15.0230000,99.8470000,-0.0035787
19.1300000,211.9324879,15.0230000,99.8470000,-0.0035331
19.1400000,212.0325058,15.0230000,99.8460000,-0.0035331
19.1500000,212.1325237,15.0230000,99.8460000,-0.0034872
19.1600000,212.2325415,15.0230000,99.8460000,-0.0035337
19.1700000,212.3325594,15.0220000,99.8450000,-0.0034872
19.1800000,212.4325772,15.0220000,99.8450000,-0.0034862
19.1900000,212.5325951,15.0220000,99.8450000,-0.0035770
19.2000000,212.6326130,15.0220000,99.8440000,-0.0035770
19.2100000,212.7326308,15.0220000,99.8440000,-0.0035321
19.2200000,212.8326487,15.0220000,99.8430000,-0.0034394
19.2300000,212.9326665,15.0220000,99.8430000,-0.0034394
19.2400000,213.0326844,15.0220000,99.8430000,-0.0036674
19.2500000,213.1327023,15.0220000,99.8420000,-0.0036205
19.2600000,213.2327201,15.0220000,99.8420000,-0.0035298
19.2700000,213.3327380,15.0220000,99.8420000,-0.0034366
19.2800000,213.4327558,15.0220000,99.8410000,-0.0032991
19.2900000,213.5327737,15.0220000,99.8410000,-0.0034360
19.3000000,213.6327916,15.0220000,99.8410000,-0.0034808
19.3100000,213.7328094,15.0220000,99.8400000,-0.0035266
19.3200000,213.8328273,15.0220000,99.8400000,-0.0036172
19.3300000,213.9328452,15.0220000,99.8400000,-0.0033410
19.3400000,214.0328630,15.0220000,99.8390000,-0.0035705
19.3500000,214.1328809,15.0220000,99.8390000,-0.0036613
19.3600000,214.2328987,15.0210000,99.8390000,-0.0034808
19.3700000,214.3329166,15.0210000,99.8380000,-0.0033883
19.3800000,214.4329345,15.0210000,99.8380000,-0.0034341
19.3900000,214.5329523,15.0210000,99.8380000,-0.0036613
19.4000000,214.6329702,15.0210000,99.8370000,-0.0038909
19.4100000,214.7329880,15.0210000,99.8370000,-0.0034341
19.4200000,214.8330059,15.0210000,99.8360000,-0.0036630
19.4300000,214.9330238,15.0210000,99.8360000,-0.0035256
19.4400000,215.0330416,15.0210000,99.8360000,-0.0035266
19.4500000,215.1330595,15.0210000,99.8350000,-0.0036172
19.4600000,215.2330773,15.0210000,99.8350000,-0.0037088
19.4700000,215.3330952,15.0210000,99.8350000,-0.0036640
19.4800000,215.4331131,15.0210000,99.8340000,-0.0035721
19.4900000,215.5331309,15.0210000,99.8340000,-0.0035721
19.5000000,215.6331488,15.0210000,99.8340000,-0.0032967
19.5100000,215.7331666,15.0210000,99.8330000,-0.0035724
19.5200000,215.8331845,15.0210000,99.8330000,-0.0036637
19.5300000,215.9332024,15.0210000,99.8330000,-0.0038004
19.5400000,216.0332202,15.0210000,99.8320000,-0.0035705
19.5500000,216.1332381,15.0200000,99.8320000,-0.0037081
19.5600000,216.2332559,15.0200000,99.8320000,-0.0034782
19.5700000,216.3332738,15.0200000,99.8310000,-0.0032494
19.5800000,216.4332917,15.0200000,99.8310000,-0.0036623
19.5900000,216.5333095,15.0200000,99.8310000,-0.0035698
19.6000000,216.6333274,15.0200000,99.8300000,-0.0036162
19.6100000,216.7333452,15.0200000,99.8300000,-0.0036637
19.6200000,216.8333631,15.0200000,99.8290000,-0.0035731
19.6300000,216.9333810,15.0200000,99.8290000,-0.0035731
19.6400000,217.0333988,15.0200000,99.8290000,-0.0035731
19.6500000,217.1334167,15.0200000,99.8280000,-0.0033904
19.6600000,217.2334345,15.0200000,99.8280000,-0.0033462
19.6700000,217.3334524,15.0200000,99.8280000,-0.0032533
19.6800000,217.4334703,15.0200000,99.8270000,-0.0035282
19.6900000,217.5334881,15.0200000,99.8270000,-0.0031622
19.7000000,217.6335060,15.0200000,99.8270000,-0.0031631
19.7100000,217.7335238,15.0200000,99.8260000,-0.0033939
19.7200000,217.8335417,15.0200000,99.8260000,-0.0033486
19.7300000,217.9335596,15.0200000,99.8260000,-0.0034394
19.7400000,218.0335774,15.0190000,99.8250000,-0.0033028
19.7500000,218.1335953,15.0190000,99.8250000,-0.0033480
19.7600000,218.2336131,15.0190000,99.8250000,-0.0036698
19.7700000,218.3336310,15.0190000,99.8240000,-0.0034872
19.7800000,218.4336489,15.0190000,99.8240000,-0.0033502
19.7900000,218.5336667,15.0190000,99.8240000,-0.0035337
19.8000000,218.6336846,15.0190000,99.8230000,-0.0033496
19.8100000,218.7337024,15.0190000,99.8230000,-0.0033961
19.8200000,218.8337203,15.0190000,99.8220000,-0.0033492
19.8300000,218.9337382,15.0190000,99.8220000,-0.0034862
19.8400000,219.0337560,15.0190000,99.8220000,-0.0034856
19.8500000,219.1337739,15.0190000,99.8210000,-0.0032997
19.8600000,219.2337917,15.0190000,99.8210000,-0.0031164
19.8700000,219.3338096,15.0190000,99.8210000,-0.0034347
19.8800000,219.4338275,15.0190000,99.8200000,-0.0036186
19.8900000,219.5338453,15.0190000,99.8200000,-0.0033898
19.9000000,219.6338632,15.0190000,99.8200000,-0.0034347
19.9100000,219.7338811,15.0190000,99.8190000,-0.0037563
19.9200000,219.8338989,15.0190000,99.8190000,-0.0037122
19.9300000,219.9339168,15.0180000,99.8190000,-0.0038045
19.9400000,220.0339346,15.0180000,99.8180000,-0.0036674
19.9500000,220.1339525,15.0180000,99.8180000,-0.0038039
19.9600000,220.2339704,15.0180000,99.8180000,-0.0036664
19.9700000,220.3339882,15.0180000,99.8170000,-0.0035747
19.9800000,220.4340061,15.0180000,99.8170000,-0.0038955
19.9900000,220.5340239,15.0180000,99.8160000,-0.0038486
20.0000000,220.6340418,15.0180000,99.8160000,-0.0039861
20.0100000,220.7340597,15.0180000,99.8160000,-0.0037580
20.0200000,220.8340775,15.0180000,99.8150000,-0.0036657
20.0300000,220.9340954,15.0180000,99.8150000,-0.0038028
20.0400000,221.0341132,15.0180000,99.8150000,-0.0038028
20.0500000,221.1341311,15.0180000,99.8140000,-0.0038046
20.0600000,221.2341490,15.0180000,99.8140000,-0.0036647
20.0700000,221.3341668,15.0180000,99.8130000,-0.0039854
20.0800000,221.4341847,15.0180000,99.8130000,-0.0038916
20.0900000,221.5342025,15.0180000,99.8130000,-0.0039352
20.1000000,221.6342204,15.0180000,99.8120000,-0.0039349
20.1100000,221.7342383,15.0170000,99.8120000,-0.0039799
20.1200000,221.8342561,15.0170000,99.8120000,-0.0039334
20.1300000,221.9342740,15.0170000,99.8110000,-0.0039788
20.1400000,222.0342918,15.0170000,99.8110000,-0.0038866
20.1500000,222.1343097,15.0170000,99.8100000,-0.0037501
20.1600000,222.2343276,15.0170000,99.8100000,-0.0037054
20.1700000,222.3343454,15.0170000,99.8100000,-0.0039352
20.1800000,222.4343633,15.0170000,99.8090000,-0.0038912
20.1900000,222.5343811,15.0170000,99.8090000,-0.0038905
20.2000000,222.6343990,15.0170000,99.8090000,-0.0038004
20.2100000,222.7344169,15.0170000,99.8080000,-0.0036172
20.2200000,222.8344347,15.0170000,99.8080000,-0.0035282
20.2300000,222.9344526,15.0170000,99.8070000,-0.0034837
20.2400000,223.0344704,15.0170000,99.8070000,-0.0036664
20.2500000,223.1344883,15.0170000,99.8070000,-0.0035298
20.2600000,223.2345062,15.0170000,99.8060000,-0.0037607
20.2700000,223.3345240,15.0170000,99.8060000,-0.0036228
20.2800000,223.4345419,15.0170000,99.8060000,-0.0036228
20.2900000,223.5345597,15.0160000,99.8050000,-0.0035305
20.3000000,223.6345776,15.0160000,99.8050000,-0.0035767
20.3100000,223.7345955,15.0160000,99.8050000,-0.0033945
20.3200000,223.8346133,15.0160000,99.8040000,-0.0036239
20.3300000,223.9346312,15.0160000,99.8040000,-0.0034853
20.3400000,224.0346490,15.0160000,99.8030000,-0.0034398
20.3500000,224.1346669,15.0160000,99.8030000,-0.0035770
20.3600000,224.2346848,15.0160000,99.8030000,-0.0035305
20.3700000,224.3347026,15.0160000,99.8020000,-0.0037139
20.3800000,224.4347205,15.0160000,99.8020000,-0.0036205
20.3900000,224.5347383,15.0160000,99.8020000,-0.0035737
20.4000000,224.6347562,15.0160000,99.8010000,-0.0036667
20.4100000,224.7347741,15.0160000,99.8010000,-0.0034830
20.4200000,224.8347919,15.0160000,99.8010000,-0.0036653
20.4300000,224.9348098,15.0160000,99.8000000,-0.0038039
20.4400000,225.0348276,15.0160000,99.8000000,-0.0037570
20.4500000,225.1348455,15.0160000,99.7990000,-0.0035734
20.4600000,225.2348634,15.0160000,99.7990000,-0.0036653
20.4700000,225.3348812,15.0150000,99.7990000,-0.0036199
20.4800000,225.4348991,15.0150000,99.7980000,-0.0038497
20.4900000,225.5349169,15.0150000,99.7980000,-0.0039872
20.5000000,225.6349348,15.0150000,99.7970000,-0.0037122
20.5100000,225.7349527,15.0150000,99.7970000,-0.0036664
20.5200000,225.8349705,15.0150000,99.7970000,-0.0038046
20.5300000,225.9349884,15.0150000,99.7960000,-0.0035289
20.5400000,226.0350063,15.0150000,99.7960000,-0.0044509
20.5500000,226.1350241,15.0150000,99.7960000,-0.0034901
20.5600000,226.2350420,15.0150000,99.7950000,-0.0034869
20.5700000,226.3350598,15.0150000,99.7950000,-0.0036239
20.5800000,226.4350777,15.0150000,99.7940000,-0.0036239
20.5900000,226.5350956,15.0150000,99.7940000,-0.0033465
20.6000000,226.6351134,15.0150000,99.7940000,-0.0038451
20.6100000,226.7351313,15.0150000,99.7930000,-0.0039367
20.6200000,226.8351491,15.0150000,99.7930000,-0.0038472
20.6300000,226.9351670,15.0150000,99.7930000,-0.0037993
20.6400000,227.0351849,15.0150000,99.7920000,-0.0039835
20.6500000,227.1352027,15.0140000,99.7920000,-0.0040732
20.6600000,227.2352206,15.0140000,99.7920000,-0.0039835
20.6700000,227.3352384,15.0140000,99.7910000,-0.0039367
20.6800000,227.4352563,15.0140000,99.7910000,-0.0040264
20.6900000,227.5352742,15.0140000,99.7900000,-0.0038902
20.7000000,227.6352920,15.0140000,99.7900000,-0.0038902
20.7100000,227.7353099,15.0140000,99.7900000,-0.0040728
20.7200000,227.8353277,15.0140000,99.7890000,-0.0037969
20.7300000,227.9353456,15.0140000,99.7890000,-0.0041640
20.7400000,228.0353635,15.0140000,99.7880000,-0.0039341
20.7500000,228.1353813,15.0140000,99.7880000,-0.0042536
20.7600000,228.2353992,15.0140000,99.7880000,-0.0041621
20.7700000,228.3354170,15.0140000,99.7870000,-0.0037515
20.7800000,228.4354349,15.0140000,99.7870000,-0.0035224
20.7900000,228.5354528,15.0140000,99.7870000,-0.0035224
20.8000000,228.6354706,15.0140000,99.7860000,-0.0037979
20.8100000,228.7354885,15.0140000,99.7860000,-0.0035682
20.8200000,228.8355063,15.0130000,99.7850000,-0.0036603
20.8300000,228.9355242,15.0130000,99.7850000,-0.0038437
20.8400000,229.0355421,15.0130000,99.7850000,-0.0036139
20.8500000,229.1355599,15.0130000,99.7840000,-0.0036139
20.8600000,229.2355778,15.0130000,99.7840000,-0.0037054
20.8700000,229.3355956,15.0130000,99.7840000,-0.0032028
20.8800000,229.4356135,15.0130000,99.7830000,-0.0035224
20.8900000,229.5356314,15.0130000,99.7830000,-0.0036587
20.9000000,229.6356492,15.0130000,99.7830000,-0.0034767
20.9100000,229.7356671,15.0130000,99.7820000,-0.0035688
20.9200000,229.8356849,15.0130000,99.7820000,-0.0036139
20.9300000,229.9357028,15.0130000,99.7810000,-0.0036596
20.9400000,230.0357207,15.0130000,99.7810000,-0.0037522
20.9500000,230.1357385,15.0130000,99.7810000,-0.0036607
20.9600000,230.2357564,15.0130000,99.7800000,-0.0035692
20.9700000,230.3357742,15.0130000,99.7800000,-0.0036139
20.9800000,230.4357921,15.0130000,99.7800000,-0.0040271
20.9900000,230.5358100,15.0130000,99.7790000,-0.0038894
21.0000000,230.6358278,15.0120000,99.7790000,-0.0037518
21.0100000,230.7358457,15.0120000,99.7780000,-0.0038909
21.0200000,230.8358635,15.0120000,99.7780000,-0.0040710
21.0300000,230.9358814,15.0120000,99.7780000,-0.0038497
21.0400000,231.0358993,15.0120000,99.7770000,-0.0037580
21.0500000,231.1359171,15.0120000,99.7770000,-0.0039421
21.0600000,231.2359350,15.0120000,99.7760000,-0.0037587
21.0700000,231.3359528,15.0120000,99.7760000,-0.0036680
21.0800000,231.4359707,15.0120000,99.7760000,-0.0035757
21.0900000,231.5359886,15.0120000,99.7750000,-0.0038483
21.1000000,231.6360064,15.0120000,99.7750000,-0.0038486
21.1100000,231.7360243,15.0120000,99.7740000,-0.0039861
21.1200000,231.8360422,15.0120000,99.7740000,-0.0038955
21.1300000,231.9360600,15.0120000,99.7740000,-0.0039417
21.1400000,232.0360779,15.0120000,99.7730000,-0.0040777
21.1500000,232.1360957,15.0120000,99.7730000,-0.0036647
21.1600000,232.2361136,15.0120000,99.7730000,-0.0036640
21.1700000,232.3361315,15.0110000,99.7720000,-0.0038014
21.1800000,232.4361493,15.0110000,99.7720000,-0.0041674
21.1900000,232.5361672,15.0110000,99.7710000,-0.0038944
21.2000000,232.6361850,15.0110000,99.7710000,-0.0040319
21.2100000,232.7362029,15.0110000,99.7710000,-0.0041713
21.2200000,232.8362208,15.0110000,99.7700000,-0.0041258
21.2300000,232.9362386,15.0110000,99.7700000,-0.0039428
21.2400000,233.0362565,15.0110000,99.7690000,-0.0038955
21.2500000,233.1362743,15.0110000,99.7690000,-0.0041716
21.2600000,233.2362922,15.0110000,99.7690000,-0.0040803
21.2700000,233.3363101,15.0110000,99.7680000,-0.0037598
21.2800000,233.4363279,15.0110000,99.7680000,-0.0039889
21.2900000,233.5363458,15.0110000,99.7670000,-0.0037129
21.3000000,233.6363636,15.0110000,99.7670000,-0.0038962
21.3100000,233.7363815,15.0110000,99.7670000,-0.0037122
21.3200000,233.8363994,15.0110000,99.7660000,-0.0036222
21.3300000,233.9364172,15.0110000,99.7660000,-0.0038980
21.3400000,234.0364351,15.0100000,99.7650000,-0.0041736
21.3500000,234.1364529,15.0100000,99.7650000,-0.0039439
21.3600000,234.2364708,15.0100000,99.7650000,-0.0039005
21.3700000,234.3364887,15.0100000,99.7640000,-0.0038550
21.3800000,234.4365065,15.0100000,99.7640000,-0.0038091
21.3900000,234.5365244,15.0100000,99.7640000,-0.0040385
21.4000000,234.6365422,15.0100000,99.7630000,-0.0040378
21.4100000,234.7365601,15.0100000,99.7630000,-0.0041296
21.4200000,234.8365780,15.0100000,99.7620000,-0.0041303
21.4300000,234.9365958,15.0100000,99.7620000,-0.0042692
21.4400000,235.0366137,15.0100000,99.7620000,-0.0041793
21.4500000,235.1366315,15.0100000,99.7610000,-0.0040415
21.4600000,235.2366494,15.0100000,99.7610000,-0.0038122
21.4700000,235.3366673,15.0100000,99.7600000,-0.0041349
21.4800000,235.4366851,15.0100000,99.7600000,-0.0044548
21.4900000,235.5367030,15.0100000,99.7600000,-0.0042720
21.5000000,235.6367208,15.0100000,99.7590000,-0.0042280
21.5100000,235.7367387,15.0090000,99.7590000,-0.0042727
21.5200000,235.8367566,15.0090000,99.7580000,-0.0039504
21.5300000,235.9367744,15.0090000,99.7580000,-0.0039967
21.5400000,236.0367923,15.0090000,99.7580000,-0.0039496
21.5500000,236.1368101,15.0090000,99.7570000,-0.0038108
21.5600000,236.2368280,15.0090000,99.7570000,-0.0037632
21.5700000,236.3368459,15.0090000,99.7560000,-0.0038539
21.5800000,236.4368637,15.0090000,99.7560000,-0.0038084
21.5900000,236.5368816,15.0090000,99.7560000,-0.0038991
21.6000000,236.6368994,15.0090000,99.7550000,-0.0040359
21.6100000,236.7369173,15.0090000,99.7550000,-0.0039435
21.6200000,236.8369352,15.0090000,99.7550000,-0.0038980
21.6300000,236.9369530,15.0090000,99.7540000,-0.0039431
21.6400000,237.0369709,15.0090000,99.7540000,-0.0041269
21.6500000,237.1369887,15.0090000,99.7530000,-0.0043092
21.6600000,237.2370066,15.0090000,99.7530000,-0.0039428
21.6700000,237.3370245,15.0090000,99.7530000,-0.0041728
21.6800000,237.4370423,15.0080000,99.7520000,-0.0040795
21.6900000,237.5370602,15.0080000,99.7520000,-0.0037570
21.7000000,237.6370780,15.0080000,99.7510000,-0.0038028
21.7100000,237.7370959,15.0080000,99.7510000,-0.0038937
21.7200000,237.8371138,15.0080000,99.7510000,-0.0038938
21.7300000,237.9371316,15.0080000,99.7500000,-0.0038028
21.7400000,238.0371495,15.0080000,99.7500000,-0.0035266
21.7500000,238.1371674,15.0080000,99.7500000,-0.0036640
21.7600000,238.2371852,15.0080000,99.7490000,-0.0036172
21.7700000,238.3372031,15.0080000,99.7490000,-0.0035247
21.7800000,238.4372209,15.0080000,99.7480000,-0.0035234
21.7900000,238.5372388,15.0080000,99.7480000,-0.0036139
21.8000000,238.6372567,15.0080000,99.7480000,-0.0038426
21.8100000,238.7372745,15.0080000,99.7470000,-0.0038416
21.8200000,238.8372924,15.0080000,99.7470000,-0.0040249
21.8300000,238.9373102,15.0080000,99.7460000,-0.0037494
21.8400000,239.0373281,15.0080000,99.7460000,-0.0035195
21.8500000,239.1373460,15.0070000,99.7460000,-0.0037924
21.8600000,239.2373638,15.0070000,99.7450000,-0.0038830
21.8700000,239.3373817,15.0070000,99.7450000,-0.0035616
21.8800000,239.4373995,15.0070000,99.7450000,-0.0038346
21.8900000,239.5374174,15.0070000,99.7440000,-0.0037419
21.9000000,239.6374353,15.0070000,99.7440000,-0.0041066
21.9100000,239.7374531,15.0070000,99.7430000,-0.0041058
21.9200000,239.8374710,15.0070000,99.7430000,-0.0041534
21.9300000,239.9374888,15.0070000,99.7430000,-0.0042911
21.9400000,240.0375067,15.0070000,99.7420000,-0.0039755
21.9500000,240.1375246,15.0070000,99.7420000,-0.0038391
21.9600000,240.2375424,15.0070000,99.7410000,-0.0039330
21.9700000,240.3375603,15.0070000,99.7410000,-0.0039835
21.9800000,240.4375781,15.0070000,99.7400000,-0.0038451
21.9900000,240.5375960,15.0070000,99.7400000,-0.0038462
22.0000000,240.6376139,15.0070000,99.7400000,-0.0038018
22.0100000,240.7376317,15.0070000,99.7390000,-0.0036189
22.0200000,240.8376496,15.0060000,99.7390000,-0.0038479
22.0300000,240.9376674,15.0060000,99.7380000,-0.0040777
22.0400000,241.0376853,15.0060000,99.7380000,-0.0039413
22.0500000,241.1377032,15.0060000,99.7380000,-0.0036651
22.0600000,241.2377210,15.0060000,99.7370000,-0.0039871
22.0700000,241.3377389,15.0060000,99.7370000,-0.0040807
22.0800000,241.4377567,15.0060000,99.7360000,-0.0041716
22.0900000,241.5377746,15.0060000,99.7360000,-0.0042633
22.1000000,241.6377925,15.0060000,99.7360000,-0.0040811
22.1100000,241.7378103,15.0060000,99.7350000,-0.0038963
22.1200000,241.8378282,15.0060000,99.7350000,-0.0039879
22.1300000,241.9378460,15.0060000,99.7340000,-0.0039439
22.1400000,242.0378639,15.0060000,99.7340000,-0.0038973
22.1500000,242.1378818,15.0060000,99.7340000,-0.0039442
22.1600000,242.2378996,15.0060000,99.7330000,-0.0040359
22.1700000,242.3379175,15.0060000,99.7330000,-0.0036687
22.1800000,242.4379353,15.0060000,99.7330000,-0.0038969
22.1900000,242.5379532,15.0050000,99.7320000,-0.0040349
22.2000000,242.6379711,15.0050000,99.7320000,-0.0040338
22.2100000,242.7379889,15.0050000,99.7310000,-0.0038966
22.2200000,242.8380068,15.0050000,99.7310000,-0.0038955
22.2300000,242.9380246,15.0050000,99.7310000,-0.0038025
22.2400000,243.0380425,15.0050000,99.7300000,-0.0040770
22.2500000,243.1380604,15.0050000,99.7300000,-0.0039842
22.2600000,243.2380782,15.0050000,99.7290000,-0.0038937
22.2700000,243.3380961,15.0050000,99.7290000,-0.0038948
22.2800000,243.4381139,15.0050000,99.7290000,-0.0039857
22.2900000,243.5381318,15.0050000,99.7280000,-0.0040788
22.3000000,243.6381497,15.0050000,99.7280000,-0.0041227
22.3100000,243.7381675,15.0050000,99.7270000,-0.0043072
22.3200000,243.8381854,15.0050000,99.7270000,-0.0042159
22.3300000,243.9382033,15.0050000,99.7270000,-0.0041694
22.3400000,244.0382211,15.0050000,99.7260000,-0.0041705
22.3500000,244.1382390,15.0040000,99.7260000,-0.0042621
22.3600000,244.2382568,15.0040000,99.7250000,-0.0041732
22.3700000,244.3382747,15.0040000,99.7250000,-0.0045413
22.3800000,244.4382926,15.0040000,99.7250000,-0.0043578
22.3900000,244.5383104,15.0040000,99.7240000,-0.0040386
22.4000000,244.6383283,15.0040000,99.7240000,-0.0040378
22.4100000,244.7383461,15.0040000,99.7230000,-0.0044049
22.4200000,244.8383640,15.0040000,99.7230000,-0.0041751
22.4300000,244.9383819,15.0040000,99.7230000,-0.0042182
22.4400000,245.0383997,15.0040000,99.7220000,-0.0038963
22.4500000,245.1384176,15.0040000,99.7220000,-0.0038032
22.4600000,245.2384354,15.0040000,99.7210000,-0.0039395
22.4700000,245.3384533,15.0040000,99.7210000,-0.0040311
22.4800000,245.4384712,15.0040000,99.7210000,-0.0038454
22.4900000,245.5384890,15.0040000,99.7200000,-0.0037528
22.5000000,245.6385069,15.0040000,99.7200000,-0.0041182
22.5100000,245.7385247,15.0040000,99.7190000,-0.0040267
22.5200000,245.8385426,15.0030000,99.7190000,-0.0039359
22.5300000,245.9385605,15.0030000,99.7190000,-0.0040732
22.5400000,246.0385783,15.0030000,99.7180000,-0.0041179
22.5500000,246.1385962,15.0030000,99.7180000,-0.0040732
22.5600000,246.2386140,15.0030000,99.7170000,-0.0042117
22.5700000,246.3386319,15.0030000,99.7170000,-0.0040293
22.5800000,246.4386498,15.0030000,99.7170000,-0.0042610
22.5900000,246.5386676,15.0030000,99.7160000,-0.0040341
22.6000000,246.6386855,15.0030000,99.7160000,-0.0043108
22.6100000,246.7387033,15.0030000,99.7150000,-0.0042672
22.6200000,246.8387212,15.0030000,99.7150000,-0.0043610
22.6300000,246.9387391,15.0030000,99.7150000,-0.0041762
22.6400000,247.0387569,15.0030000,99.7140000,-0.0041322
22.6500000,247.1387748,15.0030000,99.7140000,-0.0041770
22.6600000,247.2387926,15.0030000,99.7130000,-0.0039461
22.6700000,247.3388105,15.0030000,99.7130000,-0.0041273
22.6800000,247.4388284,15.0020000,99.7130000,-0.0041258
22.6900000,247.5388462,15.0020000,99.7120000,-0.0041247
22.7000000,247.6388641,15.0020000,99.7120000,-0.0043052
22.7100000,247.7388819,15.0020000,99.7110000,-0.0038462
22.7200000,247.8388998,15.0020000,99.7110000,-0.0038451
22.7300000,247.9389177,15.0020000,99.7110000,-0.0041183
22.7400000,248.0389355,15.0020000,99.7100000,-0.0039788
22.7500000,248.1389534,15.0020000,99.7100000,-0.0039780
22.7600000,248.2389712,15.0020000,99.7090000,-0.0039773
22.7700000,248.3389891,15.0020000,99.7090000,-0.0038391
22.7800000,248.4390070,15.0020000,99.7080000,-0.0038827
22.7900000,248.5390248,15.0020000,99.7080000,-0.0040212
22.8000000,248.6390427,15.0020000,99.7080000,-0.0040669
22.8100000,248.7390605,15.0020000,99.7070000,-0.0040219
22.8200000,248.8390784,15.0020000,99.7070000,-0.0037477
22.8300000,248.9390963,15.0020000,99.7060000,-0.0037013
22.8400000,249.0391141,15.0020000,99.7060000,-0.0040669
22.8500000,249.1391320,15.0010000,99.7060000,-0.0042067
22.8600000,249.2391498,15.0010000,99.7050000,-0.0039781
22.8700000,249.3391677,15.0010000,99.7050000,-0.0038884
22.8800000,249.4391856,15.0010000,99.7040000,-0.0040238
22.8900000,249.5392034,15.0010000,99.7040000,-0.0044843
22.9000000,249.6392213,15.0010000,99.7030000,-0.0041190
22.9100000,249.7392391,15.0010000,99.7030000,-0.0042132
22.9200000,249.8392570,15.0010000,99.7030000,-0.0041231
22.9300000,249.9392749,15.0010000,99.7020000,-0.0044446
22.9400000,250.0392927,15.0010000,99.7020000,-0.0038955
22.9500000,250.1393106,15.0010000,99.7010000,-0.0045872
22.9600000,250.2393285,15.0010000,99.7010000,-0.0040867
22.9700000,250.3393463,15.0010000,99.7000000,-0.0039945
22.9800000,250.4393642,15.0010000,99.7000000,-0.0041303
22.9900000,250.5393820,15.0010000,99.7000000,-0.0038539
23.0000000,250.6393999,15.0000000,99.6990000,-0.0039395
23.0100000,250.7394178,15.0000000,99.6990000,-0.0045338
23.0200000,250.8394356,15.0000000,99.6980000,-0.0042144
23.0300000,250.9394535,15.0000000,99.6980000,-0.0040774
23.0400000,251.0394713,15.0000000,99.6970000,-0.0041220
23.0500000,251.1394892,15.0000000,99.6970000,-0.0041224
23.0600000,251.2395071,15.0000000,99.6970000,-0.0038462
23.0700000,251.3395249,15.0000000,99.6960000,-0.0037088
23.0800000,251.4395428,15.0000000,99.6960000,-0.0036162
23.0900000,251.5395606,15.0000000,99.6960000,-0.0036627
23.1000000,251.6395785,15.0000000,99.6950000,-0.0043996
23.1100000,251.7395964,15.0000000,99.6950000,-0.0038532
23.1200000,251.8396142,15.0000000,99.6940000,-0.0040355
23.1300000,251.9396321,15.0000000,99.6940000,-0.0038991
23.1400000,252.0396499,15.0000000,99.6930000,-0.0038532
23.1500000,252.1396678,15.0000000,99.6930000,-0.0038515
23.1600000,252.2396857,15.0000000,99.6930000,-0.0039450
23.1700000,252.3397035,14.9990000,99.6920000,-0.0041284
23.1800000,252.4397214,14.9990000,99.6920000,-0.0038514
23.1900000,252.5397392,14.9990000,99.6910000,-0.0031622
23.2000000,252.6397571,14.9990000,99.6910000,-0.0043506
23.2100000,252.7397750,14.9990000,99.6900000,-0.0043546
23.2200000,252.8397928,14.9990000,99.6900000,-0.0041258
23.2300000,252.9398107,14.9990000,99.6900000,-0.0044467
23.2400000,253.0398285,14.9990000,99.6890000,-0.0041724
23.2500000,253.1398464,14.9990000,99.6890000,-0.0041247
23.2600000,253.2398643,14.9990000,99.6880000,-0.0040319
23.2700000,253.3398821,14.9990000,99.6880000,-0.0041216
23.2800000,253.4399000,14.9990000,99.6880000,-0.0039835
23.2900000,253.5399178,14.9990000,99.6870000,-0.0038902
23.3000000,253.6399357,14.9990000,99.6870000,-0.0038866
23.3100000,253.7399536,14.9990000,99.6860000,-0.0040212
23.3200000,253.8399714,14.9990000,99.6860000,-0.0038837
23.3300000,253.9399893,14.9980000,99.6860000,-0.0041571
23.3400000,254.0400071,14.9980000,99.6850000,-0.0043868
23.3500000,254.1400250,14.9980000,99.6850000,-0.0042516
23.3600000,254.2400429,14.9980000,99.6840000,-0.0041152
23.3700000,254.3400607,14.9980000,99.6840000,-0.0042086
23.3800000,254.4400786,14.9980000,99.6830000,-0.0042093
23.3900000,254.5400964,14.9980000,99.6830000,-0.0044394
23.4000000,254.6401143,14.9980000,99.6830000,-0.0040275
23.4100000,254.7401322,14.9980000,99.6820000,-0.0040264
23.4200000,254.8401500,14.9980000,99.6820000,-0.0041659
23.4300000,254.9401679,14.9980000,99.6810000,-0.0042598
23.4400000,255.0401857,14.9980000,99.6810000,-0.0043526
23.4500000,255.1402036,14.9980000,99.6800000,-0.0044459
23.4600000,255.2402215,14.9980000,99.6800000,-0.0041277
23.4700000,255.3402393,14.9980000,99.6800000,-0.0042661
23.4800000,255.4402572,14.9970000,99.6790000,-0.0040374
23.4900000,255.5402750,14.9970000,99.6790000,-0.0041296
23.5000000,255.6402929,14.9970000,99.6780000,-0.0040837
23.5100000,255.7403108,14.9970000,99.6780000,-0.0039453
23.5200000,255.8403286,14.9970000,99.6780000,-0.0040815
23.5300000,255.9403465,14.9970000,99.6770000,-0.0044025
23.5400000,256.0403644,14.9970000,99.6770000,-0.0039886
23.5500000,256.1403822,14.9970000,99.6760000,-0.0044479
23.5600000,256.2404001,14.9970000,99.6760000,-0.0044938
23.5700000,256.3404179,14.9970000,99.6750000,-0.0041743
23.5800000,256.4404358,14.9970000,99.6750000,-0.0040803
23.5900000,256.5404537,14.9970000,99.6750000,-0.0043522
23.6000000,256.6404715,14.9970000,99.6740000,-0.0042140
23.6100000,256.7404894,14.9970000,99.6740000,-0.0040751
23.6200000,256.8405072,14.9970000,99.6730000,-0.0039356
23.6300000,256.9405251,14.9970000,99.6730000,-0.0034315
23.6400000,257.0405430,14.9970000,99.6730000,-0.0034303
23.6500000,257.1405608,14.9960000,99.6720000,-0.0033833
23.6600000,257.2405787,14.9960000,99.6720000,-0.0035662
23.6700000,257.3405965,14.9960000,99.6720000,-0.0037498
23.6800000,257.4406144,14.9960000,99.6710000,-0.0032022
23.6900000,257.5406323,14.9960000,99.6710000,-0.0034309
23.7000000,257.6406501,14.9960000,99.6710000,-0.0038906
23.7100000,257.7406680,14.9960000,99.6700000,-0.0039835
23.7200000,257.8406858,14.9960000,99.6700000,-0.0040766
23.7300000,257.9407037,14.9960000,99.6690000,-0.0036192
23.7400000,258.0407216,14.9960000,99.6690000,-0.0038025
23.7500000,258.1407394,14.9960000,99.6690000,-0.0040308
23.7600000,258.2407573,14.9960000,99.6680000,-0.0042606
23.7700000,258.3407751,14.9960000,99.6680000,-0.0044896
23.7800000,258.4407930,14.9960000,99.6680000,-0.0038934
23.7900000,258.5408109,14.9960000,99.6670000,-0.0036185
23.8000000,258.6408287,14.9960000,99.6670000,-0.0036172
23.8100000,258.7408466,14.9960000,99.6660000,-0.0039356
23.8200000,258.8408644,14.9960000,99.6660000,-0.0040271
23.8300000,258.9408823,14.9950000,99.6660000,-0.0037532
23.8400000,259.0409002,14.9950000,99.6650000,-0.0015070
23.8500000,259.1409180,14.9950000,99.6650000,-0.0034396
23.8600000,259.2409359,14.9950000,99.6650000,-0.0044626
23.8700000,259.3409537,14.9950000,99.6640000,-0.0039224
23.8800000,259.4409716,14.9950000,99.6640000,-0.0039619
23.8900000,259.5409895,14.9950000,99.6640000,-0.0037784
23.9000000,259.6410073,14.9950000,99.6630000,-0.0037770
23.9100000,259.7410252,14.9950000,99.6630000,-0.0041817
23.9200000,259.8410430,14.9950000,99.6620000,-0.0047153
23.9300000,259.9410609,14.9950000,99.6620000,-0.0045805
23.9400000,260.0410788,14.9950000,99.6610000,-0.0041322
23.9500000,260.1410966,14.9950000,99.6610000,-0.0046721
23.9600000,260.2411145,14.9950000,99.6610000,-0.0046313
23.9700000,260.3411323,14.9950000,99.6600000,-0.0046354
23.9800000,260.4411502,14.9950000,99.6600000,-0.0048215
23.9900000,260.5411681,14.9940000,99.6590000,-0.0047492
24.0000000,260.6411859,14.9940000,99.6590000,-0.0040308
24.0100000,260.7412038,14.9940000,99.6580000,-0.0038962
24.0200000,260.8412216,14.9940000,99.6580000,-0.0039033
24.0300000,260.9412395,14.9940000,99.6580000,-0.0041341
24.0400000,261.0412574,14.9940000,99.6570000,-0.0042758
24.0500000,261.1412752,14.9940000,99.6570000,-0.0036410
24.0600000,261.2412931,14.9940000,99.6560000,-0.0039162
24.0700000,261.3413109,14.9940000,99.6560000,-0.0036851
24.0800000,261.4413288,14.9940000,99.6550000,-0.0042805
24.0900000,261.5413467,14.9940000,99.6550000,-0.0041036
24.1000000,261.6413645,14.9940000,99.6550000,-0.0045638
24.1100000,261.7413824,14.9940000,99.6540000,-0.0047032
24.1200000,261.8414003,14.9940000,99.6540000,-0.0047075
24.1300000,261.9414181,14.9940000,99.6530000,-0.0048472
24.1400000,262.0414360,14.9940000,99.6530000,-0.0045778
24.1500000,262.1414538,14.9930000,99.6520000,-0.0044438
24.1600000,262.2414717,14.9930000,99.6520000,-0.0042179
24.1700000,262.3414896,14.9930000,99.6510000,-0.0044495
24.1800000,262.4415074,14.9930000,99.6510000,-0.0045931
24.1900000,262.5415253,14.9930000,99.6510000,-0.0041323
24.2000000,262.6415431,14.9930000,99.6500000,-0.0041857
24.2100000,262.7415610,14.9930000,99.6500000,-0.0039572
24.2200000,262.8415789,14.9930000,99.6490000,-0.0041897
24.2300000,262.9415967,14.9930000,99.6490000,-0.0042857
24.2400000,263.0416146,14.9930000,99.6480000,-0.0044264
24.2500000,263.1416324,14.9930000,99.6480000,-0.0040613
24.2600000,263.2416503,14.9930000,99.6470000,-0.0039689
24.2700000,263.3416682,14.9930000,99.6470000,-0.0041075
24.2800000,263.4416860,14.9930000,99.6460000,-0.0039705
24.2900000,263.5417039,14.9920000,99.6460000,-0.0040166
24.3000000,263.6417217,14.9920000,99.6460000,-0.0040650
24.3100000,263.7417396,14.9920000,99.6450000,-0.0041142
24.3200000,263.8417575,14.9920000,99.6450000,-0.0042992
24.3300000,263.9417753,14.9920000,99.6440000,-0.0042090
24.3400000,264.0417932,14.9920000,99.6440000,-0.0046725
24.3500000,264.1418110,14.9920000,99.6430000,-0.0047196
24.3600000,264.2418289,14.9920000,99.6430000,-0.0048557
24.3700000,264.3418468,14.9920000,99.6420000,-0.0046236
24.3800000,264.4418646,14.9920000,99.6420000,-0.0045808
24.3900000,264.5418825,14.9920000,99.6420000,-0.0047178
24.4000000,264.6419003,14.9920000,99.6410000,-0.0048103
24.4100000,264.7419182,14.9920000,99.6410000,-0.0047178
24.4200000,264.8419361,14.9920000,99.6400000,-0.0045809
24.4300000,264.9419539,14.9920000,99.6400000,-0.0043453
24.4400000,265.0419718,14.9910000,99.6390000,-0.0042052
24.4500000,265.1419896,14.9910000,99.6390000,-0.0042499
24.4600000,265.2420075,14.9910000,99.6380000,-0.0044809
24.4700000,265.3420254,14.9910000,99.6380000,-0.0048024
24.4800000,265.4420432,14.9910000,99.6380000,-0.0046717
24.4900000,265.5420611,14.9910000,99.6370000,-0.0042091
24.5000000,265.6420789,14.9910000,99.6370000,-0.0045287
24.5100000,265.7420968,14.9910000,99.6360000,-0.0042028
24.5200000,265.8421147,14.9910000,99.6360000,-0.0042936
24.5300000,265.9421325,14.9910000,99.6350000,-0.0040628
24.5400000,266.0421504,14.9910000,99.6350000,-0.0041021
24.5500000,266.1421682,14.9910000,99.6340000,-0.0046953
24.5600000,266.2421861,14.9910000,99.6340000,-0.0043763
24.5700000,266.3422040,14.9910000,99.6330000,-0.0044199
24.5800000,266.4422218,14.9910000,99.6330000,-0.0046015
24.5900000,266.5422397,14.9900000,99.6330000,-0.0045086
24.6000000,266.6422575,14.9900000,99.6320000,-0.0043239
24.6100000,266.7422754,14.9900000,99.6320000,-0.0043714
24.6200000,266.8422933,14.9900000,99.6310000,-0.0044159
24.6300000,266.9423111,14.9900000,99.6310000,-0.0049218
24.6400000,267.0423290,14.9900000,99.6300000,-0.0047821
24.6600000,267.1423468,14.9900000,99.6300000,-0.0046892
24.6700000,267.2423647,14.9900000,99.6290000,-0.0043641
24.6800000,267.3423826,14.9900000,99.6290000,-0.0046849
24.6800000,267.4424004,14.9900000,99.6290000,-0.0046849
24.6900000,267.5424183,14.9900000,99.6280000,-0.0048669
24.7100000,267.6424361,14.9900000,99.6280000,-0.0045914
24.7200000,267.7424540,14.9900000,99.6270000,-0.0045914
24.7300000,267.8424719,14.9900000,99.6270000,-0.0042241
24.7300000,267.9424897,14.9900000,99.6260000,-0.0045455
24.7400000,268.0425076,14.9890000,99.6260000,-0.0044062
24.7600000,268.1425255,14.9890000,99.6250000,-0.0043143
24.7700000,268.2425433,14.9890000,99.6250000,-0.0043144
24.7800000,268.3425612,14.9890000,99.6250000,-0.0042218
24.7800000,268.4425790,14.9890000,99.6240000,-0.0045438
24.7900000,268.5425969,14.9890000,99.6240000,-0.0043593
24.8100000,268.6426148,14.9890000,99.6230000,-0.0044495
24.8200000,268.7426326,14.9890000,99.6230000,-0.0042171
24.8300000,268.8426505,14.9890000,99.6220000,-0.0045354
24.8300000,268.9426683,14.9890000,99.6220000,-0.0043538
24.8400000,269.0426862,14.9890000,99.6210000,-0.0044905
24.8600000,269.1427041,14.9890000,99.6210000,-0.0047636
24.8700000,269.2427219,14.9890000,99.6200000,-0.0048103
24.8800000,269.3427398,14.9890000,99.6200000,-0.0045330
24.8800000,269.4427576,14.9880000,99.6190000,-0.0048094
24.8900000,269.5427755,14.9880000,99.6190000,-0.0048571
24.9100000,269.6427934,14.9880000,99.6190000,-0.0047645
24.9200000,269.7428112,14.9880000,99.6180000,-0.0047655
24.9300000,269.8428291,14.9880000,99.6180000,-0.0043523
24.9300000,269.9428469,14.9880000,99.6170000,-0.0043980
24.9400000,270.0428648,14.9880000,99.6170000,-0.0038475
24.9600000,270.1428827,14.9880000,99.6160000,-0.0043498
24.9700000,270.2429005,14.9880000,99.6160000,-0.0042125
24.9800000,270.3429184,14.9880000,99.6150000,-0.0044889
24.9800000,270.4429362,14.9880000,99.6150000,-0.0045355
24.9900000,270.5429541,14.9880000,99.6150000,-0.0042606
25.0100000,270.6429720,14.9880000,99.6140000,-0.0043057
25.0200000,270.7429898,14.9880000,99.6140000,-0.0038462
25.0300000,270.8430077,14.9880000,99.6130000,-0.0038483
25.0300000,270.9430255,14.9880000,99.6130000,-0.0041247
25.0400000,271.0430434,14.9870000,99.6120000,-0.0042582
25.0600000,271.1430613,14.9870000,99.6120000,-0.0043522
25.0700000,271.2430791,14.9870000,99.6120000,-0.0043079
25.0800000,271.3430970,14.9870000,99.6110000,-0.0045371
25.0800000,271.4431148,14.9870000,99.6110000,-0.0043522
25.0900000,271.5431327,14.9870000,99.6100000,-0.0045347
25.1100000,271.6431506,14.9870000,99.6100000,-0.0044896
25.1200000,271.7431684,14.9870000,99.6090000,-0.0046720
25.1300000,271.8431863,14.9870000,99.6090000,-0.0045363
25.1300000,271.9432041,14.9870000,99.6080000,-0.0044913
25.1400000,272.0432220,14.9870000,99.6080000,-0.0042637
25.1600000,272.1432399,14.9870000,99.6080000,-0.0042605
25.1700000,272.2432577,14.9870000,99.6070000,-0.0042147
25.1800000,272.3432756,14.9870000,99.6070000,-0.0042125
25.1800000,272.4432934,14.9870000,99.6060000,-0.0042102
25.1900000,272.5433113,14.9860000,99.6060000,-0.0042101
25.2100000,272.6433292,14.9860000,99.6050000,-0.0040751
25.2200000,272.7433470,14.9860000,99.6050000,-0.0043475
25.2300000,272.8433649,14.9860000,99.6040000,-0.0045305
25.2300000,272.9433827,14.9860000,99.6040000,-0.0044872
25.2400000,273.0434006,14.9860000,99.6040000,-0.0044398
25.2600000,273.1434185,14.9860000,99.6030000,-0.0040751
25.2700000,273.2434363,14.9860000,99.6030000,-0.0042101
25.2800000,273.3434542,14.9860000,99.6020000,-0.0039835
25.2800000,273.4434720,14.9860000,99.6020000,-0.0042125
25.2900000,273.5434899,14.9860000,99.6010000,-0.0039377
25.3100000,273.6435078,14.9860000,99.6010000,-0.0043040
25.3200000,273.7435256,14.9860000,99.6000000,-0.0042202
25.3300000,273.8435435,14.9860000,99.6000000,-0.0045413
25.3300000,273.9435614,14.9860000,99.6000000,-0.0047231
25.3400000,274.0435792,14.9850000,99.5990000,-0.0049522
25.3600000,274.1435971,14.9850000,99.5990000,-0.0049046
25.3700000,274.2436149,14.9850000,99.5980000,-0.0048130
25.3800000,274.3436328,14.9850000,99.5980000,-0.0045330
25.3800000,274.4436507,14.9850000,99.5970000,-0.0050750
25.3900000,274.5436685,14.9850000,99.5970000,-0.0052627
25.4100000,274.6436864,14.9850000,99.5960000,-0.0045763
25.4200000,274.7437042,14.9850000,99.5960000,-0.0043017
25.4300000,274.8437221,14.9850000,99.5950000,-0.0046703
25.4300000,274.9437400,14.9850000,99.5950000,-0.0047118
25.4400000,275.0437578,14.9850000,99.5940000,-0.0046678
25.4600000,275.1437757,14.9850000,99.5940000,-0.0044855
25.4700000,275.2437935,14.9850000,99.5930000,-0.0046245
25.4800000,275.3438114,14.9850000,99.5930000,-0.0045788
25.4800000,275.4438293,14.9840000,99.5920000,-0.0048094
25.4900000,275.5438471,14.9840000,99.5920000,-0.0047619
25.5100000,275.6438650,14.9840000,99.5910000,-0.0047645
25.5200000,275.7438828,14.9840000,99.5910000,-0.0045372
25.5300000,275.8439007,14.9840000,99.5900000,-0.0048103
25.5300000,275.9439186,14.9840000,99.5900000,-0.0045363
25.5400000,276.0439364,14.9840000,99.5890000,-0.0046746
25.5600000,276.1439543,14.9840000,99.5890000,-0.0050413
25.5700000,276.2439721,14.9840000,99.5880000,-0.0049945
25.5800000,276.3439900,14.9840000,99.5880000,-0.0049487
25.5800000,276.4440079,14.9840000,99.5880000,-0.0046729
25.5900000,276.5440257,14.9840000,99.5870000,-0.0048094
25.6100000,276.6440436,14.9840000,99.5870000,-0.0051768
25.6200000,276.7440614,14.9830000,99.5860000,-0.0049451
25.6300000,276.8440793,14.9830000,99.5860000,-0.0048535
25.6300000,276.9440972,14.9830000,99.5850000,-0.0054009
25.6400000,277.0441150,14.9830000,99.5850000,-0.0049083
25.6600000,277.1441329,14.9830000,99.5840000,-0.0049056
25.6700000,277.2441507,14.9830000,99.5840000,-0.0048597
25.6800000,277.3441686,14.9830000,99.5830000,-0.0048139
25.6800000,277.4441865,14.9830000,99.5830000,-0.0044013
25.6900000,277.5442043,14.9830000,99.5820000,-0.0044905
25.7100000,277.6442222,14.9830000,99.5820000,-0.0049451
25.7200000,277.7442400,14.9830000,99.5810000,-0.0047645
25.7300000,277.8442579,14.9830000,99.5810000,-0.0048103
25.7300000,277.9442758,14.9830000,99.5800000,-0.0048993
25.7400000,278.0442936,14.9830000,99.5800000,-0.0048095
25.7600000,278.1443115,14.9820000,99.5790000,-0.0050366
25.7700000,278.2443293,14.9820000,99.5790000,-0.0051740
25.7800000,278.3443472,14.9820000,99.5780000,-0.0051740
25.7800000,278.4443651,14.9820000,99.5780000,-0.0049423
25.7900000,278.5443829,14.9820000,99.5770000,-0.0049881
25.8100000,278.6444008,14.9820000,99.5770000,-0.0049414
25.8200000,278.7444186,14.9820000,99.5760000,-0.0051702
25.8300000,278.8444365,14.9820000,99.5760000,-0.0051692
25.8300000,278.9444544,14.9820000,99.5750000,-0.0052141
25.8400000,279.0444722,14.9820000,99.5750000,-0.0051674
25.8600000,279.1444901,14.9820000,99.5740000,-0.0050293
25.8700000,279.2445079,14.9820000,99.5740000,-0.0051226
25.8800000,279.3445258,14.9820000,99.5730000,-0.0051692
25.8800000,279.4445437,14.9810000,99.5730000,-0.0051217
25.8900000,279.5445615,14.9810000,99.5720000,-0.0047989
25.9100000,279.6445794,14.9810000,99.5720000,-0.0048473
25.9200000,279.7445972,14.9810000,99.5710000,-0.0050749
25.9300000,279.8446151,14.9810000,99.5710000,-0.0047593
25.9300000,279.9446330,14.9810000,99.5700000,-0.0048957
25.9400000,280.0446508,14.9810000,99.5700000,-0.0048948
25.9600000,280.1446687,14.9810000,99.5690000,-0.0048024
25.9700000,280.2446866,14.9810000,99.5690000,-0.0049387
25.9800000,280.3447044,14.9810000,99.5680000,-0.0051235
25.9800000,280.4447223,14.9810000,99.5680000,-0.0046678
25.9900000,280.5447401,14.9810000,99.5670000,-0.0048993
26.0100000,280.6447580,14.9810000,99.5670000,-0.0049451
26.0200000,280.7447759,14.9810000,99.5670000,-0.0050356
26.0300000,280.8447937,14.9800000,99.5660000,-0.0050384
26.0300000,280.9448116,14.9800000,99.5660000,-0.0051759
26.0400000,281.0448294,14.9800000,99.5650000,-0.0051788
26.0600000,281.1448473,14.9800000,99.5650000,-0.0048579
26.0700000,281.2448652,14.9800000,99.5640000,-0.0047681
26.0800000,281.3448830,14.9800000,99.5640000,-0.0047222
26.0800000,281.4449009,14.9800000,99.5630000,-0.0048597
26.0900000,281.5449187,14.9800000,99.5630000,-0.0044937
26.1100000,281.6449366,14.9800000,99.5620000,-0.0046771
26.1200000,281.7449545,14.9800000,99.5620000,-0.0046772
26.1300000,281.8449723,14.9800000,99.5610000,-0.0046746
26.1300000,281.9449902,14.9800000,99.5610000,-0.0049936
26.1400000,282.0450080,14.9800000,99.5600000,-0.0047654
26.1600000,282.1450259,14.9790000,99.5600000,-0.0047188
26.1700000,282.2450438,14.9790000,99.5590000,-0.0049056
26.1800000,282.3450616,14.9790000,99.5590000,-0.0048579
26.1800000,282.4450795,14.9790000,99.5580000,-0.0049037
26.1900000,282.5450973,14.9790000,99.5580000,-0.0050898
26.2100000,282.6451152,14.9790000,99.5570000,-0.0051329
26.2200000,282.7451331,14.9790000,99.5570000,-0.0052227
26.2300000,282.8451509,14.9790000,99.5560000,-0.0052675
26.2300000,282.9451688,14.9790000,99.5550000,-0.0049469
26.2400000,283.0451866,14.9790000,99.5550000,-0.0050394
26.2600000,283.1452045,14.9790000,99.5540000,-0.0050412
26.2700000,283.2452224,14.9790000,99.5540000,-0.0051310
26.2800000,283.3452402,14.9790000,99.5530000,-0.0050852
26.2800000,283.4452581,14.9780000,99.5530000,-0.0048535
26.2900000,283.5452759,14.9780000,99.5530000,-0.0050824
26.3100000,283.6452938,14.9780000,99.5520000,-0.0048993
26.3200000,283.7453117,14.9780000,99.5520000,-0.0048077
26.3300000,283.8453295,14.9780000,99.5510000,-0.0049460
26.3300000,283.9453474,14.9780000,99.5510000,-0.0048077
26.3400000,284.0453652,14.9780000,99.5500000,-0.0047188
26.3600000,284.1453831,14.9780000,99.5500000,-0.0044872
26.3700000,284.2454010,14.9780000,99.5490000,-0.0047161
26.3800000,284.3454188,14.9780000,99.5490000,-0.0048993
26.3800000,284.4454367,14.9780000,99.5480000,-0.0050805
26.3900000,284.5454545,14.9780000,99.5480000,-0.0052178
26.4100000,284.6454724,14.9780000,99.5470000,-0.0052617
26.4200000,284.7454903,14.9780000,99.5470000,-0.0053045
26.4300000,284.8455081,14.9770000,99.5460000,-0.0052578
26.4300000,284.9455260,14.9770000,99.5460000,-0.0052102
26.4400000,285.0455438,14.9770000,99.5450000,-0.0053473
26.4600000,285.1455617,14.9770000,99.5450000,-0.0052987
26.4700000,285.2455796,14.9770000,99.5440000,-0.0053881
26.4800000,285.3455974,14.9770000,99.5440000,-0.0051626
26.4800000,285.4456153,14.9770000,99.5430000,-0.0052530
26.4900000,285.5456331,14.9770000,99.5430000,-0.0052540
26.5100000,285.6456510,14.9770000,99.5420000,-0.0051188
26.5200000,285.7456689,14.9770000,99.5420000,-0.0050256
26.5300000,285.8456867,14.9770000,99.5410000,-0.0051207
26.5300000,285.9457046,14.9770000,99.5410000,-0.0047989
26.5400000,286.0457225,14.9770000,99.5400000,-0.0049378
26.5600000,286.1457403,14.9760000,99.5400000,-0.0049836
26.5700000,286.2457582,14.9760000,99.5390000,-0.0050320
26.5800000,286.3457760,14.9760000,99.5390000,-0.0051235
26.5800000,286.4457939,14.9760000,99.5380000,-0.0051711
26.5900000,286.5458118,14.9760000,99.5370000,-0.0048535
26.6100000,286.6458296,14.9760000,99.5370000,-0.0049936
26.6200000,286.7458475,14.9760000,99.5360000,-0.0052704
26.6300000,286.8458653,14.9760000,99.5360000,-0.0053631
26.6300000,286.9458832,14.9760000,99.5350000,-0.0053670
26.6400000,287.0459011,14.9760000,99.5350000,-0.0051835
26.6600000,287.1459189,14.9760000,99.5340000,-0.0042202
26.6700000,287.2459368,14.9760000,99.5340000,-0.0044938
26.6800000,287.3459546,14.9760000,99.5340000,-0.0048597
26.6800000,287.4459725,14.9760000,99.5330000,-0.0048624
26.6900000,287.5459904,14.9750000,99.5330000,-0.0050917
26.7100000,287.6460082,14.9750000,99.5320000,-0.0051376
26.7200000,287.7460261,14.9750000,99.5320000,-0.0051395
26.7300000,287.8460439,14.9750000,99.5310000,-0.0050000
26.7300000,287.9460618,14.9750000,99.5310000,-0.0049541
26.7400000,288.0460797,14.9750000,99.5300000,-0.0048651
26.7600000,288.1460975,14.9750000,99.5300000,-0.0046772
26.7700000,288.2461154,14.9750000,99.5290000,-0.0045872
26.7800000,288.3461332,14.9750000,99.5290000,-0.0050431
26.7800000,288.4461511,14.9750000,99.5280000,-0.0057517
26.7900000,288.5461690,14.9750000,99.5280000,-0.0048203
26.8100000,288.6461868,14.9750000,99.5270000,-0.0048774
26.8200000,288.7462047,14.9750000,99.5270000,-0.0046950
26.8300000,288.8462225,14.9740000,99.5260000,-0.0050735
26.8400000,288.9462404,14.9740000,99.5260000,-0.0052647
26.8500000,289.0462583,14.9740000,99.5250000,-0.0052667
26.8600000,289.1462761,14.9740000,99.5250000,-0.0052656
26.8700000,289.2462940,14.9740000,99.5240000,-0.0050326
26.8800000,289.3463118,14.9740000,99.5240000,-0.0052171
26.8900000,289.4463297,14.9740000,99.5230000,-0.0050279
26.9000000,289.5463476,14.9740000,99.5230000,-0.0049767
26.9100000,289.6463654,14.9740000,99.5220000,-0.0050223
26.9200000,289.7463833,14.9740000,99.5210000,-0.0053458
26.9300000,289.8464011,14.9740000,99.5210000,-0.0054347
26.9400000,289.9464190,14.9740000,99.5200000,-0.0053863
26.9500000,290.0464369,14.9740000,99.5200000,-0.0054267
26.9600000,290.1464547,14.9730000,99.5190000,-0.0055133
26.9700000,290.2464726,14.9730000,99.5190000,-0.0057849
26.9800000,290.3464904,14.9730000,99.5180000,-0.0057322
26.9900000,290.4465083,14.9730000,99.5180000,-0.0055863
27.0000000,290.5465262,14.9730000,99.5170000,-0.0058118
27.0100000,290.6465440,14.9730000,99.5170000,-0.0057625
27.0200000,290.7465619,14.9730000,99.5160000,-0.0052967
27.0300000,290.8465797,14.9730000,99.5160000,-0.0051088
27.0400000,290.9465976,14.9730000,99.5150000,-0.0053768
27.0500000,291.0466155,14.9730000,99.5150000,-0.0055576
27.0600000,291.1466333,14.9730000,99.5140000,-0.0057415
27.0700000,291.2466512,14.9730000,99.5140000,-0.0053242
27.0800000,291.3466690,14.9720000,99.5130000,-0.0053211
27.0900000,291.4466869,14.9720000,99.5120000,-0.0049954
27.1000000,291.5467048,14.9720000,99.5120000,-0.0051740
27.1100000,291.6467226,14.9720000,99.5110000,-0.0051282
27.1200000,291.7467405,14.9720000,99.5110000,-0.0053542
27.1300000,291.8467583,14.9720000,99.5100000,-0.0051207
27.1400000,291.9467762,14.9720000,99.5100000,-0.0052540
27.1500000,292.0467941,14.9720000,99.5090000,-0.0049772
27.1600000,292.1468119,14.9720000,99.5090000,-0.0048340
27.1700000,292.2468298,14.9720000,99.5080000,-0.0051523
27.1800000,292.3468477,14.9720000,99.5080000,-0.0052397
27.1900000,292.4468655,14.9720000,99.5070000,-0.0052396
27.2000000,292.5468834,14.9720000,99.5070000,-0.0053715
27.2100000,292.6469012,14.9710000,99.5060000,-0.0055525
27.2200000,292.7469191,14.9710000,99.5060000,-0.0055960
27.2300000,292.8469370,14.9710000,99.5050000,-0.0054565
27.2400000,292.9469548,14.9710000,99.5040000,-0.0053636
27.2500000,293.0469727,14.9710000,99.5040000,-0.0052737
27.2600000,293.1469905,14.9710000,99.5030000,-0.0052699
27.2700000,293.2470084,14.9710000,99.5030000,-0.0054062
27.2800000,293.3470263,14.9710000,99.5020000,-0.0052699
27.2900000,293.4470441,14.9710000,99.5020000,-0.0051781
27.3000000,293.5470620,14.9710000,99.5010000,-0.0051335
27.3100000,293.6470798,14.9710000,99.5010000,-0.0052225
27.3200000,293.7470977,14.9710000,99.5000000,-0.0050409
27.3300000,293.8471156,14.9700000,99.5000000,-0.0051317
27.3400000,293.9471334,14.9700000,99.4990000,-0.0050881
27.3500000,294.0471513,14.9700000,99.4990000,-0.0050454
27.3600000,294.1471691,14.9700000,99.4980000,-0.0051364
27.3700000,294.2471870,14.9700000,99.4980000,-0.0050454
27.3800000,294.3472049,14.9700000,99.4970000,-0.0049982
27.3900000,294.4472227,14.9700000,99.4970000,-0.0053182
27.4000000,294.5472406,14.9700000,99.4960000,-0.0054545
27.4100000,294.6472584,14.9700000,99.4950000,-0.0052273
27.4200000,294.7472763,14.9700000,99.4950000,-0.0055940
27.4300000,294.8472942,14.9700000,99.4940000,-0.0055940
27.4400000,294.9473120,14.9700000,99.4940000,-0.0055496
27.4500000,295.0473299,14.9700000,99.4930000,-0.0055050
27.4600000,295.1473477,14.9690000,99.4930000,-0.0054121
27.4700000,295.2473656,14.9690000,99.4920000,-0.0055505
27.4800000,295.3473835,14.9690000,99.4920000,-0.0057346
27.4900000,295.4474013,14.9690000,99.4910000,-0.0056901
27.5000000,295.5474192,14.9690000,99.4910000,-0.0055536
27.5100000,295.6474370,14.9690000,99.4900000,-0.0055100
27.5200000,295.7474549,14.9690000,99.4890000,-0.0052339
27.5300000,295.8474728,14.9690000,99.4890000,-0.0051922
27.5400000,295.9474906,14.9690000,99.4880000,-0.0053734
27.5500000,296.0475085,14.9690000,99.4880000,-0.0057430
27.5600000,296.1475263,14.9690000,99.4870000,-0.0055150
27.5700000,296.2475442,14.9690000,99.4870000,-0.0053357
27.5800000,296.3475621,14.9680000,99.4860000,-0.0054288
27.5900000,296.4475799,14.9680000,99.4860000,-0.0057025
27.6000000,296.5475978,14.9680000,99.4850000,-0.0056143
27.6100000,296.6476156,14.9680000,99.4850000,-0.0057970
27.6200000,296.7476335,14.9680000,99.4840000,-0.0056164
27.6300000,296.8476514,14.9680000,99.4830000,-0.0057078
27.6400000,296.9476692,14.9680000,99.4830000,-0.0059839
27.6500000,297.0476871,14.9680000,99.4820000,-0.0056673
27.6600000,297.1477049,14.9680000,99.4820000,-0.0058044
27.6700000,297.2477228,14.9680000,99.4810000,-0.0058044
27.6800000,297.3477407,14.9680000,99.4810000,-0.0057587
27.6900000,297.4477585,14.9680000,99.4800000,-0.0056216
27.7000000,297.5477764,14.9670000,99.4800000,-0.0058991
27.7100000,297.6477942,14.9670000,99.4790000,-0.0058501
27.7200000,297.7478121,14.9670000,99.4780000,-0.0058979
27.7300000,297.8478300,14.9670000,99.4780000,-0.0056257
27.7400000,297.9478478,14.9670000,99.4770000,-0.0055332
27.7500000,298.0478657,14.9670000,99.4770000,-0.0054417
27.7600000,298.1478836,14.9670000,99.4760000,-0.0056724
27.7700000,298.2479014,14.9670000,99.4760000,-0.0056745
27.7800000,298.3479193,14.9670000,99.4750000,-0.0055382
27.7900000,298.4479371,14.9670000,99.4750000,-0.0056288
27.8000000,298.5479550,14.9670000,99.4740000,-0.0056267
27.8100000,298.6479729,14.9670000,99.4730000,-0.0055830
27.8200000,298.7479907,14.9660000,99.4730000,-0.0054895
27.8300000,298.8480086,14.9660000,99.4720000,-0.0055372
27.8400000,298.9480264,14.9660000,99.4720000,-0.0056267
27.8500000,299.0480443,14.9660000,99.4710000,-0.0053990
27.8600000,299.1480622,14.9660000,99.4710000,-0.0055372
27.8700000,299.2480800,14.9660000,99.4700000,-0.0054895
27.8800000,299.3480979,14.9660000,99.4700000,-0.0053552
27.8900000,299.4481157,14.9660000,99.4690000,-0.0054448
27.9000000,299.5481336,14.9660000,99.4680000,-0.0056288
27.9100000,299.6481515,14.9660000,99.4680000,-0.0057203
27.9200000,299.7481693,14.9660000,99.4670000,-0.0059034
27.9300000,299.8481872,14.9660000,99.4670000,-0.0057661
27.9400000,299.9482050,14.9650000,99.4660000,-0.0057181
27.9500000,300.0482229,14.9650000,99.4660000,-0.0053542
27.9600000,300.1482408,14.9650000,99.4650000,-0.0058565
27.9700000,300.2482586,14.9650000,99.4640000,-0.0058108
27.9800000,300.3482765,14.9650000,99.4640000,-0.0059022
27.9900000,300.4482943,14.9650000,99.4630000,-0.0059480
28.0000000,300.5483122,14.9650000,99.4630000,-0.0057213
28.0100000,300.6483301,14.9650000,99.4620000,-0.0055861
28.0200000,300.7483479,14.9650000,99.4620000,-0.0055403
28.0300000,300.8483658,14.9650000,99.4610000,-0.0056319
28.0400000,300.9483836,14.9650000,99.4600000,-0.0056777
28.0500000,301.0484015,14.9640000,99.4600000,-0.0056319
28.0600000,301.1484194,14.9640000,99.4590000,-0.0054945
28.0700000,301.2484372,14.9640000,99.4590000,-0.0054945
28.0800000,301.3484551,14.9640000,99.4580000,-0.0053571
28.0900000,301.4484729,14.9640000,99.4580000,-0.0054487
28.1000000,301.5484908,14.9640000,99.4570000,-0.0057713
28.1100000,301.6485087,14.9640000,99.4560000,-0.0055403
28.1200000,301.7485265,14.9640000,99.4560000,-0.0056797
28.1300000,301.8485444,14.9640000,99.4550000,-0.0059066
28.1400000,301.9485622,14.9640000,99.4550000,-0.0058171
28.1500000,302.0485801,14.9640000,99.4540000,-0.0057682
28.1600000,302.1485980,14.9640000,99.4530000,-0.0059491
28.1700000,302.2486158,14.9630000,99.4530000,-0.0055403
28.1800000,302.3486337,14.9630000,99.4520000,-0.0054945
28.1900000,302.4486515,14.9630000,99.4520000,-0.0056319
28.2000000,302.5486694,14.9630000,99.4510000,-0.0055372
28.2100000,302.6486873,14.9630000,99.4510000,-0.0058129
28.2200000,302.7487051,14.9630000,99.4500000,-0.0058118
28.2300000,302.8487230,14.9630000,99.4500000,-0.0059491
28.2400000,302.9487408,14.9630000,99.4490000,-0.0056298
28.2500000,303.0487587,14.9630000,99.4480000,-0.0056777
28.2600000,303.1487766,14.9630000,99.4480000,-0.0058608
28.2700000,303.2487944,14.9630000,99.4470000,-0.0056777
28.2800000,303.3488123,14.9630000,99.4470000,-0.0056745
28.2900000,303.4488301,14.9620000,99.4460000,-0.0059524
28.3000000,303.5488480,14.9620000,99.4450000,-0.0059491
28.3100000,303.6488659,14.9620000,99.4450000,-0.0061813
28.3200000,303.7488837,14.9620000,99.4440000,-0.0062763
28.3300000,303.8489016,14.9620000,99.4440000,-0.0059524
28.3400000,303.9489194,14.9620000,99.4430000,-0.0059524
28.3500000,304.0489373,14.9620000,99.4430000,-0.0058608
28.3600000,304.1489552,14.9620000,99.4420000,-0.0060875
28.3700000,304.2489730,14.9620000,99.4410000,-0.0060406
28.3800000,304.3489909,14.9620000,99.4410000,-0.0059949
28.3900000,304.4490088,14.9620000,99.4400000,-0.0060416
28.4000000,304.5490266,14.9610000,99.4400000,-0.0060440
28.4100000,304.6490445,14.9610000,99.4390000,-0.0059949
28.4200000,304.7490623,14.9610000,99.4380000,-0.0060864
28.4300000,304.8490802,14.9610000,99.4380000,-0.0061332
28.4400000,304.9490981,14.9610000,99.4370000,-0.0058576
28.4500000,305.0491159,14.9610000,99.4370000,-0.0061300
28.4600000,305.1491338,14.9610000,99.4360000,-0.0058129
28.4700000,305.2491516,14.9610000,99.4350000,-0.0057692
28.4800000,305.3491695,14.9610000,99.4350000,-0.0059982
28.4900000,305.4491874,14.9610000,99.4340000,-0.0057234
28.5000000,305.5492052,14.9610000,99.4340000,-0.0058150
28.5100000,305.6492231,14.9600000,99.4330000,-0.0059044
28.5200000,305.7492409,14.9600000,99.4320000,-0.0059491
28.5300000,305.8492588,14.9600000,99.4320000,-0.0060384
28.5400000,305.9492767,14.9600000,99.4310000,-0.0060853
28.5500000,306.0492945,14.9600000,99.4310000,-0.0058554
28.5600000,306.1493124,14.9600000,99.4300000,-0.0056724
28.5700000,306.2493302,14.9600000,99.4290000,-0.0059033
28.5800000,306.3493481,14.9600000,99.4290000,-0.0057640
28.5900000,306.4493660,14.9600000,99.4280000,-0.0058097
28.6000000,306.5493838,14.9600000,99.4280000,-0.0058086
28.6100000,306.6494017,14.9600000,99.4270000,-0.0057161
28.6200000,306.7494195,14.9590000,99.4270000,-0.0056246
28.6300000,306.8494374,14.9590000,99.4260000,-0.0056704
28.6400000,306.9494553,14.9590000,99.4250000,-0.0054417
28.6500000,307.0494731,14.9590000,99.4250000,-0.0057608
28.6600000,307.1494910,14.9590000,99.4240000,-0.0056673
28.6700000,307.2495088,14.9590000,99.4240000,-0.0058925
28.6800000,307.3495267,14.9590000,99.4230000,-0.0061677
28.6800000,307.4495446,14.9590000,99.4230000,-0.0059383
28.6900000,307.5495624,14.9590000,99.4220000,-0.0057078
28.7100000,307.6495803,14.9590000,99.4210000,-0.0061199
28.7200000,307.7495981,14.9590000,99.4210000,-0.0061199
28.7300000,307.8496160,14.9590000,99.4200000,-0.0061666
28.7300000,307.9496339,14.9580000,99.4190000,-0.0063552
28.7400000,308.0496517,14.9580000,99.4190000,-0.0063563
28.7600000,308.1496696,14.9580000,99.4180000,-0.0063587
28.7700000,308.2496874,14.9580000,99.4180000,-0.0062237
28.7800000,308.3497053,14.9580000,99.4170000,-0.0062729
28.7800000,308.4497232,14.9580000,99.4160000,-0.0060473
28.7900000,308.5497410,14.9580000,99.4160000,-0.0063680
28.8100000,308.6497589,14.9580000,99.4150000,-0.0065536
28.8200000,308.7497767,14.9580000,99.4150000,-0.0062294
28.8300000,308.8497946,14.9580000,99.4140000,-0.0062271
28.8300000,308.9498125,14.9570000,99.4130000,-0.0065970
28.8400000,309.0498303,14.9570000,99.4130000,-0.0063233
28.8600000,309.1498482,14.9570000,99.4120000,-0.0062764
28.8700000,309.2498660,14.9570000,99.4110000,-0.0060472
28.8800000,309.3498839,14.9570000,99.4110000,-0.0061847
28.8800000,309.4499018,14.9570000,99.4100000,-0.0065102
28.8900000,309.5499196,14.9570000,99.4100000,-0.0063256
28.9100000,309.6499375,14.9570000,99.4090000,-0.0063739
28.9200000,309.7499553,14.9570000,99.4080000,-0.0059120
28.9300000,309.8499732,14.9570000,99.4080000,-0.0060976
28.9300000,309.9499911,14.9570000,99.4070000,-0.0061893
28.9500000,310.0500089,14.9560000,99.4060000,-0.0064185
28.9600000,310.1500268,14.9560000,99.4060000,-0.0063738
28.9700000,310.2500447,14.9560000,99.4050000,-0.0063761
28.9800000,310.3500625,14.9560000,99.4040000,-0.0061927
28.9900000,310.4500804,14.9560000,99.4040000,-0.0064220
29.0000000,310.5500982,14.9560000,99.4030000,-0.0061927
29.0100000,310.6501161,14.9560000,99.4030000,-0.0063761
29.0200000,310.7501340,14.9560000,99.4020000,-0.0063337
29.0300000,310.8501518,14.9560000,99.4010000,-0.0061009
29.0400000,310.9501697,14.9560000,99.4010000,-0.0062385
29.0500000,311.0501875,14.9560000,99.4000000,-0.0064220
29.0600000,311.1502054,14.9550000,99.4000000,-0.0063761
29.0700000,311.2502233,14.9550000,99.3990000,-0.0063738
29.0800000,311.3502411,14.9550000,99.3980000,-0.0062844
29.0900000,311.4502590,14.9550000,99.3980000,-0.0064220
29.1000000,311.5502768,14.9550000,99.3970000,-0.0063303
29.1100000,311.6502947,14.9550000,99.3960000,-0.0061903
29.1200000,311.7503126,14.9550000,99.3960000,-0.0064714
29.1300000,311.8503304,14.9550000,99.3950000,-0.0062385
29.1400000,311.9503483,14.9550000,99.3940000,-0.0062867
29.1500000,312.0503661,14.9550000,99.3940000,-0.0061927
29.1600000,312.1503840,14.9540000,99.3930000,-0.0063303
29.1700000,312.2504019,14.9540000,99.3920000,-0.0061927
29.1800000,312.3504197,14.9540000,99.3920000,-0.0059600
29.1900000,312.4504376,14.9540000,99.3910000,-0.0064197
29.2000000,312.5504554,14.9540000,99.3910000,-0.0063738
29.2100000,312.6504733,14.9540000,99.3900000,-0.0064643
29.2200000,312.7504912,14.9540000,99.3890000,-0.0063245
29.2300000,312.8505090,14.9540000,99.3890000,-0.0065078
29.2400000,312.9505269,14.9540000,99.3880000,-0.0065548
29.2500000,313.0505447,14.9540000,99.3870000,-0.0064596
29.2600000,313.1505626,14.9530000,99.3870000,-0.0064596
29.2700000,313.2505805,14.9530000,99.3860000,-0.0065055
29.2800000,313.3505983,14.9530000,99.3850000,-0.0062764
29.2900000,313.4506162,14.9530000,99.3850000,-0.0065042
29.3000000,313.5506340,14.9530000,99.3840000,-0.0066428
29.3100000,313.6506519,14.9530000,99.3830000,-0.0064138
29.3200000,313.7506698,14.9530000,99.3830000,-0.0065018
29.3300000,313.8506876,14.9530000,99.3820000,-0.0066850
29.3400000,313.9507055,14.9530000,99.3810000,-0.0066850
29.3500000,314.0507233,14.9530000,99.3810000,-0.0065934
29.3600000,314.1507412,14.9520000,99.3800000,-0.0065909
29.3700000,314.2507591,14.9520000,99.3790000,-0.0065898
29.3800000,314.3507769,14.9520000,99.3790000,-0.0063622
29.3900000,314.4507948,14.9520000,99.3780000,-0.0066355
29.4000000,314.5508126,14.9520000,99.3770000,-0.0070017
29.4100000,314.6508305,14.9520000,99.3770000,-0.0067766
29.4200000,314.7508484,14.9520000,99.3760000,-0.0066392
29.4300000,314.8508662,14.9520000,99.3750000,-0.0066392
29.4400000,314.9508841,14.9520000,99.3750000,-0.0065440
29.4500000,315.0509019,14.9520000,99.3740000,-0.0065018
29.4600000,315.1509198,14.9510000,99.3730000,-0.0067295
29.4700000,315.2509377,14.9510000,99.3730000,-0.0066813
29.4800000,315.3509555,14.9510000,99.3720000,-0.0067259
29.4900000,315.4509734,14.9510000,99.3710000,-0.0067704
29.5000000,315.5509912,14.9510000,99.3710000,-0.0069991
29.5100000,315.6510091,14.9510000,99.3700000,-0.0069533
29.5200000,315.7510270,14.9510000,99.3690000,-0.0070906
29.5300000,315.8510448,14.9510000,99.3680000,-0.0070449
29.5400000,315.9510627,14.9510000,99.3680000,-0.0070932
29.5500000,316.0510806,14.9510000,99.3670000,-0.0069139
29.5600000,316.1510984,14.9500000,99.3660000,-0.0071429
29.5700000,316.2511163,14.9500000,99.3660000,-0.0070984
29.5800000,316.3511341,14.9500000,99.3650000,-0.0073758
29.5900000,316.4511520,14.9500000,99.3640000,-0.0071467
29.6000000,316.5511699,14.9500000,99.3640000,-0.0069635
29.6100000,316.6511877,14.9500000,99.3630000,-0.0069635
29.6200000,316.7512056,14.9500000,99.3620000,-0.0071429
29.6300000,316.8512234,14.9500000,99.3610000,-0.0070055
29.6400000,316.9512413,14.9500000,99.3610000,-0.0071913
29.6500000,317.0512592,14.9490000,99.3600000,-0.0071023
29.6600000,317.1512770,14.9490000,99.3590000,-0.0071036
29.6700000,317.2512949,14.9490000,99.3590000,-0.0072410
29.6800000,317.3513127,14.9490000,99.3580000,-0.0072411
29.6900000,317.4513306,14.9490000,99.3570000,-0.0072411
29.7000000,317.5513485,14.9490000,99.3560000,-0.0071952
29.7100000,317.6513663,14.9490000,99.3560000,-0.0073785
29.7200000,317.7513842,14.9490000,99.3550000,-0.0073745
29.7300000,317.8514020,14.9490000,99.3540000,-0.0072869
29.7400000,317.9514199,14.9480000,99.3540000,-0.0072411
29.7500000,318.0514378,14.9480000,99.3530000,-0.0075133
29.7600000,318.1514556,14.9480000,99.3520000,-0.0073260
29.7700000,318.2514735,14.9480000,99.3510000,-0.0073260
29.7800000,318.3514913,14.9480000,99.3510000,-0.0073288
29.7900000,318.4515092,14.9480000,99.3500000,-0.0074176
29.8000000,318.5515271,14.9480000,99.3490000,-0.0072802
29.8100000,318.6515449,14.9480000,99.3480000,-0.0072318
29.8200000,318.7515628,14.9480000,99.3480000,-0.0071886
29.8300000,318.8515806,14.9480000,99.3470000,-0.0072344
29.8400000,318.9515985,14.9470000,99.3460000,-0.0074148
29.8500000,319.0516164,14.9470000,99.3460000,-0.0072344
29.8600000,319.1516342,14.9470000,99.3450000,-0.0072802
29.8700000,319.2516521,14.9470000,99.3440000,-0.0068681
29.8800000,319.3516699,14.9470000,99.3430000,-0.0072330
29.8900000,319.4516878,14.9470000,99.3430000,-0.0068643
29.9000000,319.5517057,14.9470000,99.3420000,-0.0067766
29.9100000,319.6517235,14.9470000,99.3410000,-0.0069101
29.9200000,319.7517414,14.9470000,99.3410000,-0.0068199
29.9300000,319.8517592,14.9460000,99.3400000,-0.0069559
29.9400000,319.9517771,14.9460000,99.3390000,-0.0070017
29.9500000,320.0517950,14.9460000,99.3380000,-0.0069571
29.9600000,320.1518128,14.9460000,99.3380000,-0.0070932
29.9700000,320.2518307,14.9460000,99.3370000,-0.0069597
29.9800000,320.3518485,14.9460000,99.3360000,-0.0073260
29.9900000,320.4518664,14.9460000,99.3360000,-0.0071860
30.0000000,320.5518843,14.9460000,99.3350000,-0.0072344
30.0100000,320.6519021,14.9460000,99.3340000,-0.0073300
30.0200000,320.7519200,14.9450000,99.3330000,-0.0074634
30.0300000,320.8519378,14.9450000,99.3330000,-0.0074202
30.0400000,320.9519557,14.9450000,99.3320000,-0.0072344
30.0500000,321.0519736,14.9450000,99.3310000,-0.0073300
30.0600000,321.1519914,14.9450000,99.3300000,-0.0072371
30.0700000,321.2520093,14.9450000,99.3300000,-0.0073758
30.0800000,321.3520271,14.9450000,99.3290000,-0.0074661
30.0900000,321.4520450,14.9450000,99.3280000,-0.0076493
30.1000000,321.5520629,14.9450000,99.3270000,-0.0072802
30.1100000,321.6520807,14.9440000,99.3270000,-0.0073288
30.1200000,321.7520986,14.9440000,99.3260000,-0.0071494
30.1300000,321.8521164,14.9440000,99.3250000,-0.0075133
30.1400000,321.9521343,14.9440000,99.3240000,-0.0076036
30.1500000,322.0521522,14.9440000,99.3240000,-0.0077381
30.1600000,322.1521700,14.9440000,99.3230000,-0.0074675
30.1700000,322.2521879,14.9440000,99.3220000,-0.0078797
30.1800000,322.3522058,14.9440000,99.3210000,-0.0079256
30.1900000,322.4522236,14.9440000,99.3210000,-0.0080172
30.2000000,322.5522415,14.9430000,99.3200000,-0.0080201
30.2100000,322.6522593,14.9430000,99.3190000,-0.0076965
30.2200000,322.7522772,14.9430000,99.3180000,-0.0078783
30.2300000,322.8522951,14.9430000,99.3170000,-0.0078784
30.2400000,322.9523129,14.9430000,99.3170000,-0.0079743
30.2500000,323.0523308,14.9430000,99.3160000,-0.0079256
30.2600000,323.1523486,14.9430000,99.3150000,-0.0078368
30.2700000,323.2523665,14.9430000,99.3140000,-0.0079758
30.2800000,323.3523844,14.9420000,99.3140000,-0.0077938
30.2900000,323.4524022,14.9420000,99.3130000,-0.0077452
30.3000000,323.5524201,14.9420000,99.3120000,-0.0076993
30.3100000,323.6524379,14.9420000,99.3110000,-0.0076536
30.3200000,323.7524558,14.9420000,99.3110000,-0.0076993
30.3300000,323.8524737,14.9420000,99.3100000,-0.0077910
30.3400000,323.9524915,14.9420000,99.3090000,-0.0081546
30.3500000,324.0525094,14.9420000,99.3080000,-0.0078827
30.3600000,324.1525272,14.9420000,99.3080000,-0.0077881
30.3700000,324.2525451,14.9410000,99.3070000,-0.0077452
30.3800000,324.3525630,14.9410000,99.3060000,-0.0076994
30.3900000,324.4525808,14.9410000,99.3050000,-0.0080187
30.4000000,324.5525987,14.9410000,99.3040000,-0.0080202
30.4100000,324.6526165,14.9410000,99.3040000,-0.0079271
30.4200000,324.7526344,14.9410000,99.3030000,-0.0080187
30.4300000,324.8526523,14.9410000,99.3020000,-0.0079285
30.4400000,324.9526701,14.9410000,99.3010000,-0.0080202
30.4500000,325.0526880,14.9400000,99.3000000,-0.0080660
30.4600000,325.1527058,14.9400000,99.3000000,-0.0082493
30.4700000,325.2527237,14.9400000,99.2990000,-0.0082951
30.4800000,325.3527416,14.9400000,99.2980000,-0.0080674
30.4900000,325.4527594,14.9400000,99.2970000,-0.0079285
30.5000000,325.5527773,14.9400000,99.2960000,-0.0082065
30.5100000,325.6527951,14.9400000,99.2960000,-0.0082463
30.5200000,325.7528130,14.9400000,99.2950000,-0.0083410
30.5300000,325.8528309,14.9400000,99.2940000,-0.0081118
30.5400000,325.9528487,14.9390000,99.2930000,-0.0081577
30.5500000,326.0528666,14.9390000,99.2920000,-0.0082463
30.5600000,326.1528844,14.9390000,99.2920000,-0.0081089
30.5700000,326.2529023,14.9390000,99.2910000,-0.0080158
30.5800000,326.3529202,14.9390000,99.2900000,-0.0079714
30.5900000,326.4529380,14.9390000,99.2890000,-0.0076951
30.6000000,326.5529559,14.9390000,99.2880000,-0.0081088
30.6100000,326.6529737,14.9390000,99.2870000,-0.0082921
30.6200000,326.7529916,14.9380000,99.2870000,-0.0081044
30.6300000,326.8530095,14.9380000,99.2860000,-0.0083287
30.6400000,326.9530273,14.9380000,99.2850000,-0.0081472
30.6500000,327.0530452,14.9380000,99.2840000,-0.0079168
30.6600000,327.1530630,14.9380000,99.2830000,-0.0080557
30.6700000,327.2530809,14.9380000,99.2820000,-0.0081457
30.6800000,327.3530988,14.9380000,99.2820000,-0.0082343
30.6900000,327.4531166,14.9380000,99.2810000,-0.0084614
30.7000000,327.5531345,14.9370000,99.2800000,-0.0084599
30.7100000,327.6531523,14.9370000,99.2790000,-0.0085056
30.7200000,327.7531702,14.9370000,99.2780000,-0.0086885
30.7300000,327.8531881,14.9370000,99.2770000,-0.0087832
30.7400000,327.9532059,14.9370000,99.2760000,-0.0083257
30.7500000,328.0532238,14.9370000,99.2760000,-0.0085544
30.7600000,328.1532417,14.9370000,99.2750000,-0.0084630
30.7700000,328.2532595,14.9370000,99.2740000,-0.0086917
30.7800000,328.3532774,14.9360000,99.2730000,-0.0089694
30.7900000,328.4532952,14.9360000,99.2720000,-0.0090609
30.8000000,328.5533131,14.9360000,99.2710000,-0.0086917
30.8100000,328.6533310,14.9360000,99.2700000,-0.0082829
30.8200000,328.7533488,14.9360000,99.2700000,-0.0087912
30.8300000,328.8533667,14.9360000,99.2690000,-0.0087454
30.8400000,328.9533845,14.9360000,99.2680000,-0.0085623
30.8500000,329.0534024,14.9350000,99.2670000,-0.0086538
30.8600000,329.1534203,14.9350000,99.2660000,-0.0087912
30.8700000,329.2534381,14.9350000,99.2650000,-0.0088828
30.8800000,329.3534560,14.9350000,99.2640000,-0.0088370
30.8900000,329.4534738,14.9350000,99.2630000,-0.0088370
30.9000000,329.5534917,14.9350000,99.2630000,-0.0087012
30.9100000,329.6535096,14.9350000,99.2620000,-0.0091575
30.9200000,329.7535274,14.9350000,99.2610000,-0.0088370
30.9300000,329.8535453,14.9340000,99.2600000,-0.0091982
30.9400000,329.9535631,14.9340000,99.2590000,-0.0092440
30.9500000,330.0535810,14.9340000,99.2580000,-0.0089694
30.9600000,330.1535989,14.9340000,99.2570000,-0.0091525
30.9700000,330.2536167,14.9340000,99.2560000,-0.0091067
30.9800000,330.3536346,14.9340000,99.2550000,-0.0092848
30.9900000,330.4536524,14.9340000,99.2540000,-0.0092372
31.0000000,330.5536703,14.9330000,99.2540000,-0.0091491
31.0100000,330.6536882,14.9330000,99.2530000,-0.0094201
31.0200000,330.7537060,14.9330000,99.2520000,-0.0092373
31.0300000,330.8537239,14.9330000,99.2510000,-0.0091457
31.0400000,330.9537417,14.9330000,99.2500000,-0.0092373
31.0500000,331.0537596,14.9330000,99.2490000,-0.0091899
31.0600000,331.1537775,14.9330000,99.2480000,-0.0091408
31.0700000,331.2537953,14.9320000,99.2470000,-0.0088730
31.0800000,331.3538132,14.9320000,99.2460000,-0.0088257
31.0900000,331.4538310,14.9320000,99.2450000,-0.0089645
31.1000000,331.5538489,14.9320000,99.2440000,-0.0091915
31.1100000,331.6538668,14.9320000,99.2440000,-0.0093744
31.1200000,331.7538846,14.9320000,99.2430000,-0.0090119
31.1300000,331.8539025,14.9320000,99.2420000,-0.0091083
31.1400000,331.9539203,14.9320000,99.2410000,-0.0092949
31.1500000,332.0539382,14.9310000,99.2400000,-0.0093898
31.1600000,332.1539561,14.9310000,99.2390000,-0.0092983
31.1700000,332.2539739,14.9310000,99.2380000,-0.0096665
31.1800000,332.3539918,14.9310000,99.2370000,-0.0093916
31.1900000,332.4540096,14.9310000,99.2360000,-0.0090284
31.2000000,332.5540275,14.9310000,99.2350000,-0.0091201
31.2100000,332.6540454,14.9310000,99.2340000,-0.0091659
31.2200000,332.7540632,14.9300000,99.2330000,-0.0093476
31.2300000,332.8540811,14.9300000,99.2320000,-0.0092100
31.2400000,332.9540989,14.9300000,99.2310000,-0.0092558
31.2500000,333.0541168,14.9300000,99.2310000,-0.0093458
31.2600000,333.1541347,14.9300000,99.2300000,-0.0093457
31.2700000,333.2541525,14.9300000,99.2290000,-0.0096154
31.2800000,333.3541704,14.9300000,99.2280000,-0.0094322
31.2900000,333.4541882,14.9290000,99.2270000,-0.0093407
31.3000000,333.5542061,14.9290000,99.2260000,-0.0095290
31.3100000,333.6542240,14.9290000,99.2250000,-0.0093407
31.3200000,333.7542418,14.9290000,99.2240000,-0.0093458
31.3300000,333.8542597,14.9290000,99.2230000,-0.0094374
31.3400000,333.9542775,14.9290000,99.2220000,-0.0095732
31.3500000,334.0542954,14.9290000,99.2210000,-0.0093933
31.3600000,334.1543133,14.9280000,99.2200000,-0.0094409
31.3700000,334.2543311,14.9280000,99.2190000,-0.0098039
31.3800000,334.3543490,14.9280000,99.2180000,-0.0097123
31.3900000,334.4543669,14.9280000,99.2170000,-0.0098498
31.4000000,334.5543847,14.9280000,99.2160000,-0.0096189
31.4100000,334.6544026,14.9280000,99.2150000,-0.0098956
31.4200000,334.7544204,14.9280000,99.2140000,-0.0098534
31.4300000,334.8544383,14.9270000,99.2130000,-0.0099891
31.4400000,334.9544562,14.9270000,99.2120000,-0.0098955
31.4500000,335.0544740,14.9270000,99.2110000,-0.0098955
31.4600000,335.1544919,14.9270000,99.2100000,-0.0098955
31.4700000,335.2545097,14.9270000,99.2090000,-0.0096612
31.4800000,335.3545276,14.9270000,99.2080000,-0.0098865
31.4900000,335.4545455,14.9270000,99.2070000,-0.0098443
31.5000000,335.5545633,14.9260000,99.2060000,-0.0098443
31.5100000,335.6545812,14.9260000,99.2060000,-0.0098039
31.5200000,335.7545990,14.9260000,99.2050000,-0.0098901
31.5300000,335.8546169,14.9260000,99.2040000,-0.0099853
31.5400000,335.9546348,14.9260000,99.2030000,-0.0101227
31.5500000,336.0546526,14.9260000,99.2020000,-0.0098497
31.5600000,336.1546705,14.9250000,99.2010000,-0.0099872
31.5700000,336.2546883,14.9250000,99.2000000,-0.0098974
31.5800000,336.3547062,14.9250000,99.1990000,-0.0098534
31.5900000,336.4547241,14.9250000,99.1980000,-0.0098992
31.6000000,336.5547419,14.9250000,99.1970000,-0.0099945
31.6100000,336.6547598,14.9250000,99.1960000,-0.0098111
31.6200000,336.7547776,14.9250000,99.1950000,-0.0102696
31.6300000,336.8547955,14.9240000,99.1940000,-0.0099450
31.6400000,336.9548134,14.9240000,99.1930000,-0.0099505
31.6500000,337.0548312,14.9240000,99.1920000,-0.0102715
31.6600000,337.1548491,14.9240000,99.1910000,-0.0101778
31.6700000,337.2548669,14.9240000,99.1900000,-0.0099028
31.6800000,337.3548848,14.9240000,99.1890000,-0.0099028
31.6900000,337.4549027,14.9240000,99.1880000,-0.0101321
31.7000000,337.5549205,14.9230000,99.1870000,-0.0102696
31.7100000,337.6549384,14.9230000,99.1860000,-0.0102256
31.7200000,337.7549562,14.9230000,99.1850000,-0.0101835
31.7300000,337.8549741,14.9230000,99.1840000,-0.0099541
31.7400000,337.9549920,14.9230000,99.1830000,-0.0100459
31.7500000,338.0550098,14.9230000,99.1820000,-0.0104587
31.7600000,338.1550277,14.9220000,99.1810000,-0.0100899
31.7700000,338.2550455,14.9220000,99.1800000,-0.0100917
31.7800000,338.3550634,14.9220000,99.1780000,-0.0099083
31.7900000,338.4550813,14.9220000,99.1770000,-0.0099046
31.8000000,338.5550991,14.9220000,99.1760000,-0.0099541
31.8100000,338.6551170,14.9220000,99.1750000,-0.0099541
31.8200000,338.7551348,14.9220000,99.1740000,-0.0100917
31.8300000,338.8551527,14.9210000,99.1730000,-0.0103632
31.8400000,338.9551706,14.9210000,99.1720000,-0.0099964
31.8500000,339.0551884,14.9210000,99.1710000,-0.0101283
31.8600000,339.1552063,14.9210000,99.1700000,-0.0103173
31.8700000,339.2552241,14.9210000,99.1690000,-0.0100861
31.8800000,339.3552420,14.9210000,99.1680000,-0.0101798
31.8900000,339.4552599,14.9200000,99.1670000,-0.0102237
31.9000000,339.5552777,14.9200000,99.1660000,-0.0103079
31.9100000,339.6552956,14.9200000,99.1650000,-0.0104453
31.9200000,339.7553134,14.9200000,99.1640000,-0.0105828
31.9300000,339.8553313,14.9200000,99.1630000,-0.0103441
31.9400000,339.9553492,14.9200000,99.1620000,-0.0103976
31.9500000,340.0553670,14.9200000,99.1610000,-0.0104338
31.9600000,340.1553849,14.9190000,99.1600000,-0.0101594
31.9700000,340.2554028,14.9190000,99.1590000,-0.0110389
31.9800000,340.3554206,14.9190000,99.1580000,-0.0102200
31.9900000,340.4554385,14.9190000,99.1570000,-0.0104911
32.0000000,340.5554563,14.9190000,99.1560000,-0.0104434
32.0100000,340.6554742,14.9190000,99.1550000,-0.0103022
32.0200000,340.7554921,14.9180000,99.1540000,-0.0101098
32.0300000,340.8555099,14.9180000,99.1530000,-0.0105177
32.0400000,340.9555278,14.9180000,99.1520000,-0.0105672
32.0500000,341.0555456,14.9180000,99.1510000,-0.0105215
32.0600000,341.1555635,14.9180000,99.1500000,-0.0104300
32.0700000,341.2555814,14.9180000,99.1490000,-0.0106986
32.0800000,341.3555992,14.9170000,99.1470000,-0.0111865
32.0900000,341.4556171,14.9170000,99.1460000,-0.0100330
32.1000000,341.5556349,14.9170000,99.1450000,-0.0102984
32.1100000,341.6556528,14.9170000,99.1440000,-0.0102069
32.1200000,341.7556707,14.9170000,99.1430000,-0.0104319
32.1300000,341.8556885,14.9170000,99.1420000,-0.0105196
32.1400000,341.9557064,14.9170000,99.1410000,-0.0106091
32.1500000,342.0557242,14.9160000,99.1400000,-0.0106072
32.1600000,342.1557421,14.9160000,99.1390000,-0.0107861
32.1700000,342.2557600,14.9160000,99.1380000,-0.0107150
32.1800000,342.3557778,14.9160000,99.1370000,-0.0113139
32.1900000,342.4557957,14.9160000,99.1360000,-0.0108577
32.2000000,342.5558135,14.9160000,99.1350000,-0.0109549
32.2100000,342.6558314,14.9150000,99.1340000,-0.0108616
32.2200000,342.7558493,14.9150000,99.1330000,-0.0104471
32.2300000,342.8558671,14.9150000,99.1320000,-0.0105897
32.2400000,342.9558850,14.9150000,99.1310000,-0.0104985
32.2500000,343.0559028,14.9150000,99.1300000,-0.0106393
32.2600000,343.1559207,14.9150000,99.1280000,-0.0106392
32.2700000,343.2559386,14.9140000,99.1270000,-0.0108259
32.2800000,343.3559564,14.9140000,99.1260000,-0.0104566
32.2900000,343.4559743,14.9140000,99.1250000,-0.0107346
32.3000000,343.5559921,14.9140000,99.1240000,-0.0107345
32.3100000,343.6560100,14.9140000,99.1230000,-0.0107345
32.3200000,343.7560279,14.9140000,99.1220000,-0.0106947
32.3300000,343.8560457,14.9130000,99.1210000,-0.0106033
32.3400000,343.9560636,14.9130000,99.1200000,-0.0106987
32.3500000,344.0560814,14.9130000,99.1190000,-0.0108835
32.3600000,344.1560993,14.9130000,99.1170000,-0.0107464
32.3700000,344.2561172,14.9130000,99.1160000,-0.0108836
32.3800000,344.3561350,14.9130000,99.1150000,-0.0108875
32.3900000,344.4561529,14.9120000,99.1140000,-0.0109332
32.4000000,344.5561707,14.9120000,99.1130000,-0.0109352
32.4100000,344.6561886,14.9120000,99.1120000,-0.0110725
32.4200000,344.7562065,14.9120000,99.1110000,-0.0112596
32.4300000,344.8562243,14.9120000,99.1100000,-0.0113095
32.4400000,344.9562422,14.9120000,99.1090000,-0.0112179
32.4500000,345.0562600,14.9110000,99.1080000,-0.0114927
32.4600000,345.1562779,14.9110000,99.1060000,-0.0114011
32.4700000,345.2562958,14.9110000,99.1050000,-0.0114011
32.4800000,345.3563136,14.9110000,99.1040000,-0.0114469
32.4900000,345.4563315,14.9110000,99.1030000,-0.0114969
32.5000000,345.5563493,14.9110000,99.1020000,-0.0113095
32.5100000,345.6563672,14.9100000,99.1010000,-0.0114469
32.5200000,345.7563851,14.9100000,99.1000000,-0.0114927
32.5300000,345.8564029,14.9100000,99.0980000,-0.0114469
32.5400000,345.9564208,14.9100000,99.0970000,-0.0114052
32.5500000,346.0564386,14.9100000,99.0960000,-0.0114511
32.5600000,346.1564565,14.9100000,99.0950000,-0.0114531
32.5700000,346.2564744,14.9090000,99.0940000,-0.0114532
32.5800000,346.3564922,14.9090000,99.0930000,-0.0110867
32.5900000,346.4565101,14.9090000,99.0920000,-0.0114990
32.6000000,346.5565280,14.9090000,99.0910000,-0.0113637
32.6100000,346.6565458,14.9090000,99.0890000,-0.0114990
32.6200000,346.7565637,14.9090000,99.0880000,-0.0114052
32.6300000,346.8565815,14.9080000,99.0870000,-0.0116758
32.6400000,346.9565994,14.9080000,99.0860000,-0.0116758
32.6500000,347.0566173,14.9080000,99.0850000,-0.0113553
32.6600000,347.1566351,14.9080000,99.0840000,-0.0117259
32.6700000,347.2566530,14.9080000,99.0820000,-0.0117152
32.6800000,347.3566708,14.9080000,99.0810000,-0.0117216
32.6900000,347.4566887,14.9070000,99.0800000,-0.0118132
32.7000000,347.5567066,14.9070000,99.0790000,-0.0116758
32.7100000,347.6567244,14.9070000,99.0780000,-0.0115842
32.7200000,347.7567423,14.9070000,99.0770000,-0.0117739
32.7300000,347.8567601,14.9070000,99.0750000,-0.0117216
32.7400000,347.9567780,14.9060000,99.0740000,-0.0117674
32.7500000,348.0567959,14.9060000,99.0730000,-0.0118132
32.7600000,348.1568137,14.9060000,99.0720000,-0.0116300
32.7700000,348.2568316,14.9060000,99.0710000,-0.0116300
32.7800000,348.3568494,14.9060000,99.0690000,-0.0117216
32.7900000,348.4568673,14.9060000,99.0680000,-0.0116300
32.8000000,348.5568852,14.9050000,99.0670000,-0.0118547
32.8100000,348.6569030,14.9050000,99.0660000,-0.0118590
32.8200000,348.7569209,14.9050000,99.0650000,-0.0120356
32.8300000,348.8569387,14.9050000,99.0630000,-0.0119897
32.8400000,348.9569566,14.9050000,99.0620000,-0.0121315
32.8500000,349.0569745,14.9040000,99.0610000,-0.0122253
32.8600000,349.1569923,14.9040000,99.0600000,-0.0119963
32.8700000,349.2570102,14.9040000,99.0590000,-0.0121337
32.8800000,349.3570280,14.9040000,99.0570000,-0.0121337
32.8900000,349.4570459,14.9040000,99.0560000,-0.0122253
32.9000000,349.5570638,14.9040000,99.0550000,-0.0122711
32.9100000,349.6570816,14.9030000,99.0540000,-0.0125526
32.9200000,349.7570995,14.9030000,99.0530000,-0.0123694
32.9300000,349.8571173,14.9030000,99.0510000,-0.0126467
32.9400000,349.9571352,14.9030000,99.0500000,-0.0126490
32.9500000,350.0571531,14.9030000,99.0490000,-0.0125115
32.9600000,350.1571709,14.9020000,99.0480000,-0.0124702
32.9700000,350.2571888,14.9020000,99.0460000,-0.0125161
32.9800000,350.3572066,14.9020000,99.0450000,-0.0126031
32.9900000,350.4572245,14.9020000,99.0440000,-0.0125161
33.0000000,350.5572424,14.9020000,99.0430000,-0.0127911
33.0100000,350.6572602,14.9020000,99.0410000,-0.0127912
33.0200000,350.7572781,14.9010000,99.0400000,-0.0126560
33.0300000,350.8572959,14.9010000,99.0390000,-0.0125688
33.0400000,350.9573138,14.9010000,99.0380000,-0.0126147
33.0500000,351.0573317,14.9010000,99.0360000,-0.0126077
33.0600000,351.1573495,14.9010000,99.0350000,-0.0126513
33.0700000,351.2573674,14.9000000,99.0340000,-0.0126054
33.0800000,351.3573852,14.9000000,99.0330000,-0.0125596
33.0900000,351.4574031,14.9000000,99.0310000,-0.0127888
33.1000000,351.5574210,14.9000000,99.0300000,-0.0129287
33.1100000,351.6574388,14.9000000,99.0290000,-0.0127429
33.1200000,351.7574567,14.8990000,99.0270000,-0.0128393
33.1300000,351.8574745,14.8990000,99.0260000,-0.0129745
33.1400000,351.9574924,14.8990000,99.0250000,-0.0127864
33.1500000,352.0575103,14.8990000,99.0240000,-0.0127864
33.1600000,352.1575281,14.8990000,99.0220000,-0.0130614
33.1700000,352.2575460,14.8980000,99.0210000,-0.0132399
33.1800000,352.3575639,14.8980000,99.0200000,-0.0129626
33.1900000,352.4575817,14.8980000,99.0180000,-0.0129168
33.2000000,352.5575996,14.8980000,99.0170000,-0.0129168
33.2100000,352.6576174,14.8980000,99.0160000,-0.0128663
33.2200000,352.7576353,14.8970000,99.0150000,-0.0131362
33.2300000,352.8576532,14.8970000,99.0130000,-0.0131363
33.2400000,352.9576710,14.8970000,99.0120000,-0.0128663
33.2500000,353.0576889,14.8970000,99.0110000,-0.0129121
33.2600000,353.1577067,14.8970000,99.0090000,-0.0128545
33.2700000,353.2577246,14.8960000,99.0080000,-0.0126762
33.2800000,353.3577425,14.8960000,99.0070000,-0.0127174
33.2900000,353.4577603,14.8960000,99.0050000,-0.0127677
33.3000000,353.5577782,14.8960000,99.0040000,-0.0128088
33.3100000,353.6577960,14.8960000,99.0030000,-0.0127630
33.3200000,353.7578139,14.8960000,99.0010000,-0.0130423
33.3300000,353.8578318,14.8950000,99.0000000,-0.0132662
33.3400000,353.9578496,14.8950000,98.9990000,-0.0130832
33.3500000,354.0578675,14.8950000,98.9970000,-0.0130832
33.3600000,354.1578853,14.8950000,98.9960000,-0.0134035
33.3700000,354.2579032,14.8950000,98.9950000,-0.0133602
33.3800000,354.3579211,14.8940000,98.9930000,-0.0135456
33.3900000,354.4579389,14.8940000,98.9920000,-0.0137237
33.4000000,354.5579568,14.8940000,98.9910000,-0.0137695
33.4100000,354.6579746,14.8940000,98.9890000,-0.0136322
33.4200000,354.7579925,14.8930000,98.9880000,-0.0134950
33.4300000,354.8580104,14.8930000,98.9870000,-0.0138202
33.4400000,354.9580282,14.8930000,98.9850000,-0.0135407
33.4500000,355.0580461,14.8930000,98.9840000,-0.0136780
33.4600000,355.1580639,14.8930000,98.9830000,-0.0135407
33.4700000,355.2580818,14.8920000,98.9810000,-0.0137670
33.4800000,355.3580997,14.8920000,98.9800000,-0.0138610
33.4900000,355.4581175,14.8920000,98.9780000,-0.0138559
33.5000000,355.5581354,14.8920000,98.9770000,-0.0134876
33.5100000,355.6581532,14.8920000,98.9760000,-0.0134826
33.5200000,355.7581711,14.8910000,98.9740000,-0.0134320
33.5300000,355.8581890,14.8910000,98.9730000,-0.0137011
33.5400000,355.9582068,14.8910000,98.9720000,-0.0135666
33.5500000,356.0582247,14.8910000,98.9700000,-0.0137976
33.5600000,356.1582425,14.8910000,98.9690000,-0.0138888
33.5700000,356.2582604,14.8900000,98.9680000,-0.0134875
33.5800000,356.3582783,14.8900000,98.9660000,-0.0136779
33.5900000,356.4582961,14.8900000,98.9650000,-0.0139575
33.6000000,356.5583140,14.8900000,98.9630000,-0.0139703
33.6100000,356.6583318,14.8900000,98.9620000,-0.0139780
33.6200000,356.7583497,14.8890000,98.9610000,-0.0133412
33.6300000,356.8583676,14.8890000,98.9590000,-0.0136163
33.6400000,356.9583854,14.8890000,98.9580000,-0.0137539
33.6500000,357.0584033,14.8890000,98.9570000,-0.0135730
33.6600000,357.1584211,14.8890000,98.9550000,-0.0136621
33.6700000,357.2584390,14.8880000,98.9540000,-0.0139322
33.6800000,357.3584569,14.8880000,98.9520000,-0.0139831
33.6900000,357.4584747,14.8880000,98.9510000,-0.0137896
33.7000000,357.5584926,14.8880000,98.9500000,-0.0140645
33.7100000,357.6585104,14.8870000,98.9480000,-0.0144310
33.7200000,357.7585283,14.8870000,98.9470000,-0.0140110
33.7300000,357.8585462,14.8870000,98.9450000,-0.0142426
33.7400000,357.9585640,14.8870000,98.9440000,-0.0143236
33.7500000,358.0585819,14.8870000,98.9430000,-0.0140922
33.7600000,358.1585997,14.8860000,98.9410000,-0.0143131
33.7700000,358.2586176,14.8860000,98.9400000,-0.0142139
33.7800000,358.3586355,14.8860000,98.9380000,-0.0144828
33.7900000,358.4586533,14.8860000,98.9370000,-0.0145418
33.8000000,358.5586712,14.8860000,98.9350000,-0.0144503
33.8100000,358.6586891,14.8850000,98.9340000,-0.0143053
33.8200000,358.7587069,14.8850000,98.9320000,-0.0141759
33.8300000,358.8587248,14.8850000,98.9310000,-0.0138101
33.8400000,358.9587426,14.8850000,98.9300000,-0.0140388
33.8500000,359.0587605,14.8840000,98.9280000,-0.0143132
33.8600000,359.1587784,14.8840000,98.9270000,-0.0145013
33.8700000,359.2587962,14.8840000,98.9250000,-0.0142674
33.8800000,359.3588141,14.8840000,98.9240000,-0.0141759
33.8900000,359.4588319,14.8840000,98.9220000,-0.0144424
33.9000000,359.5588498,14.8830000,98.9210000,-0.0144829
33.9100000,359.6588677,14.8830000,98.9200000,-0.0146709
33.9200000,359.7588855,14.8830000,98.9180000,-0.0148080
33.9300000,359.8589034,14.8830000,98.9170000,-0.0147166
33.9400000,359.9589212,14.8830000,98.9150000,-0.0148537
33.9500000,360.0589391,14.8820000,98.9140000,-0.0147166
33.9600000,360.1589570,14.8820000,98.9120000,-0.0145338
33.9700000,360.2589748,14.8820000,98.9110000,-0.0149076
33.9800000,360.3589927,14.8820000,98.9090000,-0.0149076
33.9900000,360.4590105,14.8810000,98.9080000,-0.0147301
34.0000000,360.5590284,14.8810000,98.9060000,-0.0144151
34.0100000,360.6590463,14.8810000,98.9050000,-0.0144046
34.0200000,360.7590641,14.8810000,98.9030000,-0.0147301
34.0300000,360.8590820,14.8810000,98.9020000,-0.0145929
34.0400000,360.9590998,14.8800000,98.9000000,-0.0148162
34.0500000,361.0591177,14.8800000,98.8990000,-0.0145929
34.0600000,361.1591356,14.8800000,98.8970000,-0.0145929
34.0700000,361.2591534,14.8800000,98.8960000,-0.0148216
34.0800000,361.3591713,14.8790000,98.8940000,-0.0146924
34.0900000,361.4591891,14.8790000,98.8930000,-0.0150558
34.1000000,361.5592070,14.8790000,98.8910000,-0.0147382
34.1100000,361.6592249,14.8790000,98.8900000,-0.0148728
34.1200000,361.7592427,14.8790000,98.8880000,-0.0151418
34.1300000,361.8592606,14.8780000,98.8870000,-0.0150100
34.1400000,361.9592784,14.8780000,98.8850000,-0.0153388
34.1500000,362.0592963,14.8780000,98.8840000,-0.0153846
34.1600000,362.1593142,14.8780000,98.8820000,-0.0153445
34.1700000,362.2593320,14.8770000,98.8810000,-0.0151099
34.1800000,362.3593499,14.8770000,98.8790000,-0.0154762
34.1900000,362.4593677,14.8770000,98.8780000,-0.0154762
34.2000000,362.5593856,14.8770000,98.8760000,-0.0155621
34.2100000,362.6594035,14.8760000,98.8750000,-0.0154762
34.2200000,362.7594213,14.8760000,98.8730000,-0.0152930
34.2300000,362.8594392,14.8760000,98.8720000,-0.0152473
34.2400000,362.9594570,14.8760000,98.8700000,-0.0152417
34.2500000,363.0594749,14.8760000,98.8690000,-0.0153331
34.2600000,363.1594928,14.8750000,98.8670000,-0.0151557
34.2700000,363.2595106,14.8750000,98.8660000,-0.0155220
34.2800000,363.3595285,14.8750000,98.8640000,-0.0154304
34.2900000,363.4595463,14.8750000,98.8630000,-0.0154762
34.3000000,363.5595642,14.8740000,98.8610000,-0.0153501
34.3100000,363.6595821,14.8740000,98.8590000,-0.0155362
34.3200000,363.7595999,14.8740000,98.8580000,-0.0153070
34.3300000,363.8596178,14.8740000,98.8560000,-0.0151182
34.3400000,363.9596356,14.8730000,98.8550000,-0.0152154
34.3500000,364.0596535,14.8730000,98.8530000,-0.0154446
34.3600000,364.1596714,14.8730000,98.8520000,-0.0153099
34.3700000,364.2596892,14.8730000,98.8500000,-0.0152640
34.3800000,364.3597071,14.8730000,98.8490000,-0.0152154
34.3900000,364.4597250,14.8720000,98.8470000,-0.0151724
34.4000000,364.5597428,14.8720000,98.8460000,-0.0154905
34.4100000,364.6597607,14.8720000,98.8440000,-0.0159029
34.4200000,364.7597785,14.8720000,98.8420000,-0.0158570
34.4300000,364.8597964,14.8710000,98.8410000,-0.0159029
34.4400000,364.9598143,14.8710000,98.8390000,-0.0157195
34.4500000,365.0598321,14.8710000,98.8380000,-0.0156221
34.4600000,365.1598500,14.8710000,98.8360000,-0.0157509
34.4700000,365.2598678,14.8700000,98.8350000,-0.0157967
34.4800000,365.3598857,14.8700000,98.8330000,-0.0156593
34.4900000,365.4599036,14.8700000,98.8320000,-0.0158696
34.5000000,365.5599214,14.8700000,98.8300000,-0.0155967
34.5100000,365.6599393,14.8690000,98.8280000,-0.0157553
34.5200000,365.7599571,14.8690000,98.8270000,-0.0156052
34.5300000,365.8599750,14.8690000,98.8250000,-0.0157324
34.5400000,365.9599929,14.8690000,98.8240000,-0.0153624
34.5500000,366.0600107,14.8690000,98.8220000,-0.0154953
34.5600000,366.1600286,14.8680000,98.8200000,-0.0154500
34.5700000,366.2600464,14.8680000,98.8190000,-0.0156335
34.5800000,366.3600643,14.8680000,98.8170000,-0.0158989
34.5900000,366.4600822,14.8680000,98.8160000,-0.0154952
34.6000000,366.5601000,14.8670000,98.8140000,-0.0157691
34.6100000,366.6601179,14.8670000,98.8120000,-0.0152186
34.6200000,366.7601357,14.8670000,98.8110000,-0.0152803
34.6300000,366.8601536,14.8670000,98.8090000,-0.0154611
34.6400000,366.9601715,14.8660000,98.8080000,-0.0155572
34.6500000,367.0601893,14.8660000,98.8060000,-0.0160633
34.6600000,367.1602072,14.8660000,98.8050000,-0.0162079
34.6700000,367.2602250,14.8660000,98.8030000,-0.0163585
34.6800000,367.3602429,14.8650000,98.8010000,-0.0163339
34.6900000,367.4602608,14.8650000,98.8000000,-0.0164761
34.7000000,367.5602786,14.8650000,98.7980000,-0.0163182
34.7100000,367.6602965,14.8650000,98.7970000,-0.0164300
34.7200000,367.7603143,14.8640000,98.7950000,-0.0164449
34.7300000,367.8603322,14.8640000,98.7930000,-0.0166606
34.7400000,367.9603501,14.8640000,98.7920000,-0.0168190
34.7500000,368.0603679,14.8640000,98.7900000,-0.0165599
34.7600000,368.1603858,14.8630000,98.7880000,-0.0163950
34.7700000,368.2604036,14.8630000,98.7870000,-0.0168195
34.7800000,368.3604215,14.8630000,98.7850000,-0.0167890
34.7900000,368.4604394,14.8630000,98.7830000,-0.0168045
34.8000000,368.5604572,14.8620000,98.7820000,-0.0168105
34.8100000,368.6604751,14.8620000,98.7800000,-0.0165043
34.8200000,368.7604929,14.8620000,98.7780000,-0.0163693
34.8300000,368.8605108,14.8620000,98.7770000,-0.0165685
34.8400000,368.9605287,14.8610000,98.7750000,-0.0166606
34.8500000,369.0605465,14.8610000,98.7730000,-0.0167127
34.8600000,369.1605644,14.8610000,98.7720000,-0.0167649
34.8700000,369.2605822,14.8610000,98.7700000,-0.0164365
34.8800000,369.3606001,14.8600000,98.7680000,-0.0169126
34.8900000,369.4606180,14.8600000,98.7670000,-0.0171890
34.9000000,369.5606358,14.8600000,98.7650000,-0.0170664
34.9100000,369.6606537,14.8600000,98.7630000,-0.0172207
34.9200000,369.7606715,14.8590000,98.7610000,-0.0172668
34.9300000,369.8606894,14.8590000,98.7590000,-0.0171284
34.9400000,369.9607073,14.8590000,98.7580000,-0.0175966
34.9500000,370.0607251,14.8590000,98.7560000,-0.0176427
34.9600000,370.1607430,14.8580000,98.7540000,-0.0176921
34.9700000,370.2607609,14.8580000,98.7520000,-0.0175042
34.9800000,370.3607787,14.8580000,98.7510000,-0.0172270
34.9900000,370.4607966,14.8580000,98.7490000,-0.0172765
35.0000000,370.5608144,14.8570000,98.7470000,-0.0172764
35.0100000,370.6608323,14.8570000,98.7460000,-0.0172732
35.0200000,370.7608502,14.8570000,98.7440000,-0.0174515
35.0300000,370.8608680,14.8570000,98.7420000,-0.0173989
35.0400000,370.9608859,14.8560000,98.7400000,-0.0173432
35.0500000,371.0609037,14.8560000,98.7390000,-0.0173336
35.0600000,371.1609216,14.8560000,98.7370000,-0.0175019
35.0700000,371.2609395,14.8550000,98.7350000,-0.0175875
35.0800000,371.3609573,14.8550000,98.7330000,-0.0173968
35.0900000,371.4609752,14.8550000,98.7320000,-0.0177619
35.1000000,371.5609930,14.8550000,98.7300000,-0.0175810
35.1100000,371.6610109,14.8540000,98.7280000,-0.0178833
35.1200000,371.7610288,14.8540000,98.7260000,-0.0183655
35.1300000,371.8610466,14.8540000,98.7250000,-0.0181651
35.1400000,371.9610645,14.8540000,98.7230000,-0.0177458
35.1500000,372.0610823,14.8530000,98.7210000,-0.0179260
35.1600000,372.1611002,14.8530000,98.7190000,-0.0181128
35.1700000,372.2611181,14.8530000,98.7170000,-0.0178800
35.1800000,372.3611359,14.8520000,98.7150000,-0.0181843
35.1900000,372.4611538,14.8520000,98.7140000,-0.0182793
35.2000000,372.5611716,14.8520000,98.7120000,-0.0181777
35.2100000,372.6611895,14.8520000,98.7100000,-0.0180795
35.2200000,372.7612074,14.8510000,98.7080000,-0.0181610
35.2300000,372.8612252,14.8510000,98.7060000,-0.0180139
35.2400000,372.9612431,14.8510000,98.7050000,-0.0187488
35.2500000,373.0612609,14.8510000,98.7030000,-0.0185660
35.2600000,373.1612788,14.8500000,98.7010000,-0.0185658
35.2700000,373.2612967,14.8500000,98.6990000,-0.0184744
35.2800000,373.3613145,14.8500000,98.6970000,-0.0180696
35.2900000,373.4613324,14.8500000,98.6960000,-0.0179356
35.3000000,373.5613502,14.8490000,98.6940000,-0.0182135
35.3100000,373.6613681,14.8490000,98.6920000,-0.0182692
35.3200000,373.7613860,14.8490000,98.6900000,-0.0180403
35.3300000,373.8614038,14.8480000,98.6880000,-0.0182759
35.3400000,373.9614217,14.8480000,98.6860000,-0.0185049
35.3500000,374.0614395,14.8480000,98.6850000,-0.0186458
35.3600000,374.1614574,14.8470000,98.6820000,-0.0188532
35.3700000,374.2614753,14.8470000,98.6800000,-0.0187683
35.3800000,374.3614931,14.8470000,98.6780000,-0.0190932
35.3900000,374.4615110,14.8470000,98.6770000,-0.0187787
35.4000000,374.5615288,14.8460000,98.6750000,-0.0187431
35.4100000,374.6615467,14.8460000,98.6730000,-0.0185558
35.4200000,374.7615646,14.8460000,98.6710000,-0.0192555
35.4300000,374.8615824,14.8450000,98.6690000,-0.0192096
35.4400000,374.9616003,14.8450000,98.6670000,-0.0194393
35.4500000,375.0616181,14.8450000,98.6650000,-0.0197077
35.4600000,375.1616360,14.8450000,98.6630000,-0.0195701
35.4700000,375.2616539,14.8440000,98.6610000,-0.0195241
35.4800000,375.3616717,14.8440000,98.6590000,-0.0196691
35.4900000,375.4616896,14.8440000,98.6570000,-0.0195665
35.5000000,375.5617074,14.8430000,98.6550000,-0.0197961
35.5100000,375.6617253,14.8430000,98.6530000,-0.0200368
35.5200000,375.7617432,14.8430000,98.6510000,-0.0201213
35.5300000,375.8617610,14.8430000,98.6500000,-0.0200827
35.5400000,375.9617789,14.8420000,98.6480000,-0.0197537
35.5500000,376.0617967,14.8420000,98.6460000,-0.0199835
35.5600000,376.1618146,14.8420000,98.6440000,-0.0202938
35.5700000,376.2618325,14.8410000,98.6420000,-0.0200074
35.5800000,376.3618503,14.8410000,98.6400000,-0.0201102
35.5900000,376.4618682,14.8410000,98.6380000,-0.0199193
35.6000000,376.5618861,14.8400000,98.6360000,-0.0198238
35.6100000,376.6619039,14.8400000,98.6340000,-0.0198238
35.6200000,376.7619218,14.8400000,98.6320000,-0.0201450
35.6300000,376.8619396,14.8400000,98.6300000,-0.0200459
35.6400000,376.9619575,14.8390000,98.6280000,-0.0199083
35.6500000,377.0619754,14.8390000,98.6260000,-0.0197139
35.6600000,377.1619932,14.8390000,98.6240000,-0.0201265
35.6700000,377.2620111,14.8380000,98.6220000,-0.0204933
35.6800000,377.3620289,14.8380000,98.6200000,-0.0203904
35.6900000,377.4620468,14.8380000,98.6180000,-0.0202492
35.7000000,377.5620647,14.8370000,98.6150000,-0.0203483
35.7100000,377.6620825,14.8370000,98.6130000,-0.0203371
35.7200000,377.7621004,14.8370000,98.6110000,-0.0203755
35.7300000,377.8621182,14.8370000,98.6090000,-0.0207761
35.7400000,377.9621361,14.8360000,98.6070000,-0.0209707
35.7500000,378.0621540,14.8360000,98.6050000,-0.0208219
35.7600000,378.1621718,14.8360000,98.6030000,-0.0205015
35.7700000,378.2621897,14.8350000,98.6010000,-0.0204558
35.7800000,378.3622075,14.8350000,98.5990000,-0.0207342
35.7900000,378.4622254,14.8350000,98.5970000,-0.0210810
35.8000000,378.5622433,14.8340000,98.5950000,-0.0207115
35.8100000,378.6622611,14.8340000,98.5930000,-0.0207952
35.8200000,378.7622790,14.8340000,98.5910000,-0.0206468
35.8300000,378.8622968,14.8330000,98.5890000,-0.0207952
35.8400000,378.9623147,14.8330000,98.5860000,-0.0211074
35.8500000,379.0623326,14.8330000,98.5840000,-0.0210695
35.8600000,379.1623504,14.8320000,98.5820000,-0.0210772
35.8700000,379.2623683,14.8320000,98.5800000,-0.0209781
35.8800000,379.3623861,14.8320000,98.5780000,-0.0210695
35.8900000,379.4624040,14.8310000,98.5760000,-0.0212980
35.9000000,379.5624219,14.8310000,98.5740000,-0.0216636
35.9100000,379.6624397,14.8310000,98.5710000,-0.0215462
35.9200000,379.7624576,14.8300000,98.5690000,-0.0214011
35.9300000,379.8624754,14.8300000,98.5670000,-0.0220952
35.9400000,379.9624933,14.8300000,98.5650000,-0.0223321
35.9500000,380.0625112,14.8300000,98.5630000,-0.0222781
35.9600000,380.1625290,14.8290000,98.5610000,-0.0224236
35.9700000,380.2625469,14.8290000,98.5580000,-0.0225608
35.9800000,380.3625647,14.8280000,98.5560000,-0.0226982
35.9900000,380.4625826,14.8280000,98.5540000,-0.0224735
36.0000000,380.5626005,14.8280000,98.5520000,-0.0227023
36.0100000,380.6626183,14.8270000,98.5490000,-0.0225275
36.0200000,380.7626362,14.8270000,98.5470000,-0.0225193
36.0300000,380.8626540,14.8270000,98.5450000,-0.0233059
36.0400000,380.9626719,14.8260000,98.5430000,-0.0231599
36.0500000,381.0626898,14.8260000,98.5400000,-0.0231685
36.0600000,381.1627076,14.8260000,98.5380000,-0.0229980
36.0700000,381.2627255,14.8250000,98.5360000,-0.0226732
36.0800000,381.3627433,14.8250000,98.5330000,-0.0229063
36.0900000,381.4627612,14.8250000,98.5310000,-0.0227689
36.1000000,381.5627791,14.8240000,98.5290000,-0.0229853
36.1100000,381.6627969,14.8240000,98.5260000,-0.0232728
36.1200000,381.7628148,14.8240000,98.5240000,-0.0231397
36.1300000,381.8628326,14.8230000,98.5220000,-0.0230480
36.1400000,381.9628505,14.8230000,98.5200000,-0.0229563
36.1500000,382.0628684,14.8230000,98.5170000,-0.0233059
36.1600000,382.1628862,14.8220000,98.5150000,-0.0234890
36.1700000,382.2629041,14.8220000,98.5130000,-0.0235935
36.1800000,382.3629220,14.8220000,98.5100000,-0.0237637
36.1900000,382.4629398,14.8210000,98.5080000,-0.0236350
36.2000000,382.5629577,14.8210000,98.5050000,-0.0239143
36.2100000,382.6629755,14.8210000,98.5030000,-0.0240473
36.2200000,382.7629934,14.8200000,98.5010000,-0.0241847
36.2300000,382.8630113,14.8200000,98.4980000,-0.0240605
36.2400000,382.9630291,14.8190000,98.4960000,-0.0241389
36.2500000,383.0630470,14.8190000,98.4930000,-0.0241433
36.2600000,383.1630648,14.8190000,98.4910000,-0.0243725
36.2700000,383.2630827,14.8180000,98.4880000,-0.0244138
36.2800000,383.3631006,14.8180000,98.4860000,-0.0243724
36.2900000,383.4631184,14.8180000,98.4840000,-0.0243678
36.3000000,383.5631363,14.8170000,98.4810000,-0.0249221
36.3100000,383.6631541,14.8170000,98.4790000,-0.0250596
36.3200000,383.7631720,14.8160000,98.4760000,-0.0249084
36.3300000,383.8631899,14.8160000,98.4730000,-0.0244640
36.3400000,383.9632077,14.8160000,98.4710000,-0.0245098
36.3500000,384.0632256,14.8150000,98.4690000,-0.0248764
36.3600000,384.1632434,14.8150000,98.4660000,-0.0250916
36.3700000,384.2632613,14.8150000,98.4630000,-0.0249084
36.3800000,384.3632792,14.8140000,98.4610000,-0.0250090
36.3900000,384.4632970,14.8140000,98.4580000,-0.0250595
36.4000000,384.5633149,14.8130000,98.4560000,-0.0257009
36.4100000,384.6633327,14.8130000,98.4530000,-0.0257926
36.4200000,384.7633506,14.8130000,98.4510000,-0.0256046
36.4300000,384.8633685,14.8120000,98.4480000,-0.0256093
36.4400000,384.9633863,14.8120000,98.4460000,-0.0260673
36.4500000,385.0634042,14.8110000,98.4430000,-0.0262555
36.4600000,385.1634220,14.8110000,98.4400000,-0.0262507
36.4700000,385.2634399,14.8110000,98.4380000,-0.0261132
36.4800000,385.3634578,14.8100000,98.4350000,-0.0259758
36.4900000,385.4634756,14.8100000,98.4330000,-0.0261591
36.5000000,385.5634935,14.8100000,98.4300000,-0.0266581
36.5100000,385.6635113,14.8090000,98.4270000,-0.0270753
36.5200000,385.7635292,14.8090000,98.4250000,-0.0267954
36.5300000,385.8635471,14.8080000,98.4220000,-0.0265110
36.5400000,385.9635649,14.8080000,98.4190000,-0.0263278
36.5500000,386.0635828,14.8080000,98.4170000,-0.0264194
36.5600000,386.1636006,14.8070000,98.4140000,-0.0267300
36.5700000,386.2636185,14.8070000,98.4120000,-0.0268168
36.5800000,386.3636364,14.8060000,98.4090000,-0.0265782
36.5900000,386.4636542,14.8060000,98.4060000,-0.0264867
36.6000000,386.5636721,14.8060000,98.4040000,-0.0266697
36.6100000,386.6636899,14.8050000,98.4010000,-0.0268886
36.6200000,386.7637078,14.8050000,98.3980000,-0.0271729
36.6300000,386.8637257,14.8040000,98.3950000,-0.0274373
36.6400000,386.9637435,14.8040000,98.3930000,-0.0274117
36.6500000,387.0637614,14.8040000,98.3900000,-0.0273710
36.6600000,387.1637792,14.8030000,98.3870000,-0.0275082
36.6700000,387.2637971,14.8030000,98.3840000,-0.0276099
36.6800000,387.3638150,14.8020000,98.3820000,-0.0278388
36.6900000,387.4638328,14.8020000,98.3790000,-0.0280220
36.7000000,387.5638507,14.8010000,98.3760000,-0.0280678
36.7100000,387.6638685,14.8010000,98.3730000,-0.0283529
36.7200000,387.7638864,14.8010000,98.3700000,-0.0284903
36.7300000,387.8639043,14.8000000,98.3680000,-0.0286383
36.7400000,387.9639221,14.8000000,98.3650000,-0.0282207
36.7500000,388.0639400,14.7990000,98.3620000,-0.0282967
36.7600000,388.1639578,14.7990000,98.3590000,-0.0283529
36.7700000,388.2639757,14.7980000,98.3560000,-0.0283581
36.7800000,388.3639936,14.7980000,98.3530000,-0.0285714
36.7900000,388.4640114,14.7980000,98.3510000,-0.0285256
36.8000000,388.5640293,14.7970000,98.3480000,-0.0285714
36.8100000,388.6640472,14.7970000,98.3450000,-0.0287845
36.8200000,388.7640650,14.7960000,98.3420000,-0.0286473
36.8300000,388.8640829,14.7960000,98.3390000,-0.0287899
36.8400000,388.9641007,14.7950000,98.3360000,-0.0287335
36.8500000,389.0641186,14.7950000,98.3330000,-0.0288303
36.8600000,389.1641365,14.7950000,98.3300000,-0.0290134
36.8700000,389.2641543,14.7940000,98.3270000,-0.0289676
36.8800000,389.3641722,14.7940000,98.3240000,-0.0296137
36.8900000,389.4641900,14.7930000,98.3220000,-0.0297619
36.9000000,389.5642079,14.7930000,98.3190000,-0.0297161
36.9100000,389.6642258,14.7920000,98.3160000,-0.0294765
36.9200000,389.7642436,14.7920000,98.3130000,-0.0294872
36.9300000,389.8642615,14.7910000,98.3100000,-0.0293956
36.9400000,389.9642793,14.7910000,98.3070000,-0.0295788
36.9500000,390.0642972,14.7910000,98.3040000,-0.0302087
36.9600000,390.1643151,14.7900000,98.3010000,-0.0301282
36.9700000,390.2643329,14.7900000,98.2980000,-0.0303169
36.9800000,390.3643508,14.7890000,98.2950000,-0.0306487
36.9900000,390.4643686,14.7890000,98.2920000,-0.0306319
37.0000000,390.5643865,14.7880000,98.2890000,-0.0307692
37.0100000,390.6644044,14.7880000,98.2860000,-0.0306945
37.0200000,390.7644222,14.7870000,98.2820000,-0.0305973
37.0300000,390.8644401,14.7870000,98.2790000,-0.0309524
37.0400000,390.9644579,14.7860000,98.2760000,-0.0314103
37.0500000,391.0644758,14.7860000,98.2730000,-0.0312500
37.0600000,391.1644937,14.7850000,98.2700000,-0.0312786
37.0700000,391.2645115,14.7850000,98.2670000,-0.0314899
37.0800000,391.3645294,14.7850000,98.2640000,-0.0313071
37.0900000,391.4645472,14.7840000,98.2610000,-0.0314670
37.1000000,391.5645651,14.7840000,98.2570000,-0.0312671
37.1100000,391.6645830,14.7830000,98.2540000,-0.0315866
37.1200000,391.7646008,14.7830000,98.2510000,-0.0315693
37.1300000,391.8646187,14.7820000,98.2480000,-0.0317800
37.1400000,391.9646365,14.7820000,98.2450000,-0.0321624
37.1500000,392.0646544,14.7810000,98.2420000,-0.0322080
37.1600000,392.1646723,14.7810000,98.2380000,-0.0325452
37.1700000,392.2646901,14.7800000,98.2350000,-0.0325908
37.1800000,392.3647080,14.7800000,98.2320000,-0.0326484
37.1900000,392.4647258,14.7790000,98.2290000,-0.0327000
37.2000000,392.5647437,14.7790000,98.2250000,-0.0327239
37.2100000,392.6647616,14.7780000,98.2220000,-0.0328154
37.2200000,392.7647794,14.7780000,98.2190000,-0.0326782
37.2300000,392.8647973,14.7770000,98.2160000,-0.0329067
37.2400000,392.9648151,14.7770000,98.2120000,-0.0329705
37.2500000,393.0648330,14.7760000,98.2090000,-0.0326047
37.2600000,393.1648509,14.7760000,98.2060000,-0.0331535
37.2700000,393.2648687,14.7750000,98.2020000,-0.0332754
37.2800000,393.3648866,14.7750000,98.1990000,-0.0333180
37.2900000,393.4649044,14.7740000,98.1960000,-0.0334404
37.3000000,393.5649223,14.7740000,98.1920000,-0.0336423
37.3100000,393.6649402,14.7730000,98.1890000,-0.0335506
37.3200000,393.7649580,14.7730000,98.1860000,-0.0338719
37.3300000,393.8649759,14.7720000,98.1820000,-0.0344954
37.3400000,393.9649937,14.7720000,98.1790000,-0.0342390
37.3500000,394.0650116,14.7710000,98.1750000,-0.0340367
37.3600000,394.1650295,14.7710000,98.1720000,-0.0339637
37.3700000,394.2650473,14.7700000,98.1690000,-0.0340095
37.3800000,394.3650652,14.7700000,98.1650000,-0.0341869
37.3900000,394.4650831,14.7690000,98.1620000,-0.0340826
37.4000000,394.5651009,14.7690000,98.1580000,-0.0340513
37.4100000,394.6651188,14.7680000,98.1550000,-0.0340513
37.4200000,394.7651366,14.7680000,98.1520000,-0.0340847
37.4300000,394.8651545,14.7670000,98.1480000,-0.0341429
37.4400000,394.9651724,14.7670000,98.1450000,-0.0345823
37.4500000,395.0651902,14.7660000,98.1410000,-0.0345428
37.4600000,395.1652081,14.7660000,98.1380000,-0.0342616
37.4700000,395.2652259,14.7650000,98.1340000,-0.0345428
37.4800000,395.3652438,14.7650000,98.1310000,-0.0348571
37.4900000,395.4652617,14.7640000,98.1270000,-0.0349093
37.5000000,395.5652795,14.7630000,98.1240000,-0.0349945
37.5100000,395.6652974,14.7630000,98.1200000,-0.0350138
37.5200000,395.7653152,14.7620000,98.1170000,-0.0349285
37.5300000,395.8653331,14.7620000,98.1130000,-0.0351384
37.5400000,395.9653510,14.7610000,98.1100000,-0.0352758
37.5500000,396.0653688,14.7610000,98.1060000,-0.0354720
37.5600000,396.1653867,14.7600000,98.1030000,-0.0355049
37.5700000,396.2654045,14.7600000,98.0990000,-0.0356881
37.5800000,396.3654224,14.7590000,98.0960000,-0.0355637
37.5900000,396.4654403,14.7590000,98.0920000,-0.0356227
37.6000000,396.5654581,14.7580000,98.0880000,-0.0360608
37.6100000,396.6654760,14.7580000,98.0850000,-0.0362047
37.6200000,396.7654938,14.7570000,98.0810000,-0.0361980
37.6300000,396.8655117,14.7570000,98.0780000,-0.0360476
37.6400000,396.9655296,14.7560000,98.0740000,-0.0361391
37.6500000,397.0655474,14.7550000,98.0700000,-0.0364203
37.6600000,397.1655653,14.7550000,98.0670000,-0.0366557
37.6700000,397.2655831,14.7540000,98.0630000,-0.0367418
37.6800000,397.3656010,14.7540000,98.0590000,-0.0364927
37.6900000,397.4656189,14.7530000,98.0560000,-0.0367418
37.7000000,397.5656367,14.7530000,98.0520000,-0.0368469
37.7100000,397.6656546,14.7520000,98.0480000,-0.0369521
37.7200000,397.7656724,14.7520000,98.0450000,-0.0369183
37.7300000,397.8656903,14.7510000,98.0410000,-0.0371337
37.7400000,397.9657082,14.7500000,98.0370000,-0.0370540
37.7500000,398.0657260,14.7500000,98.0340000,-0.0374977
37.7600000,398.1657439,14.7490000,98.0300000,-0.0376349
37.7700000,398.2657617,14.7490000,98.0260000,-0.0379342
37.7800000,398.3657796,14.7480000,98.0220000,-0.0380921
37.7900000,398.4657975,14.7480000,98.0180000,-0.0381379
37.8000000,398.5658153,14.7470000,98.0150000,-0.0381487
37.8100000,398.6658332,14.7460000,98.0110000,-0.0384826
37.8200000,398.7658510,14.7460000,98.0070000,-0.0384967
37.8300000,398.8658689,14.7450000,98.0030000,-0.0382294
37.8400000,398.9658868,14.7450000,97.9990000,-0.0385424
37.8500000,399.0659046,14.7440000,97.9950000,-0.0387994
37.8600000,399.1659225,14.7440000,97.9920000,-0.0391484
37.8700000,399.2659403,14.7430000,97.9880000,-0.0390711
37.8800000,399.3659582,14.7420000,97.9840000,-0.0390783
37.8900000,399.4659761,14.7420000,97.9800000,-0.0390710
37.9000000,399.5659939,14.7410000,97.9760000,-0.0395822
37.9100000,399.6660118,14.7410000,97.9720000,-0.0393989
37.9200000,399.7660296,14.7400000,97.9680000,-0.0396883
37.9300000,399.8660475,14.7390000,97.9640000,-0.0399394
37.9400000,399.9660654,14.7390000,97.9600000,-0.0399322
37.9500000,400.0660832,14.7380000,97.9560000,-0.0398863
37.9600000,400.1661011,14.7380000,97.9520000,-0.0403300
37.9700000,400.2661189,14.7370000,97.9480000,-0.0405058
37.9800000,400.3661368,14.7360000,97.9440000,-0.0406136
37.9900000,400.4661547,14.7360000,97.9400000,-0.0406743
38.0000000,400.5661725,14.7350000,97.9360000,-0.0409108
38.0100000,400.6661904,14.7350000,97.9320000,-0.0410940
38.0200000,400.7662083,14.7340000,97.9280000,-0.0411398
38.0300000,400.8662261,14.7330000,97.9240000,-0.0410256
38.0400000,400.9662440,14.7330000,97.9190000,-0.0411404
38.0500000,401.0662618,14.7320000,97.9150000,-0.0415828
38.0600000,401.1662797,14.7310000,97.9110000,-0.0419030
38.0700000,401.2662976,14.7310000,97.9070000,-0.0418573
38.0800000,401.3663154,14.7300000,97.9030000,-0.0423682
38.0900000,401.4663333,14.7300000,97.8980000,-0.0422535
38.1000000,401.5663511,14.7290000,97.8940000,-0.0424822
38.1100000,401.6663690,14.7280000,97.8900000,-0.0425658
38.1200000,401.7663869,14.7280000,97.8860000,-0.0428937
38.1300000,401.8664047,14.7270000,97.8810000,-0.0432296
38.1400000,401.9664226,14.7260000,97.8770000,-0.0433132
38.1500000,402.0664404,14.7260000,97.8730000,-0.0435041
38.1600000,402.1664583,14.7250000,97.8680000,-0.0433211
38.1700000,402.2664762,14.7240000,97.8640000,-0.0433510
38.1800000,402.3664940,14.7240000,97.8600000,-0.0433510
38.1900000,402.4665119,14.7230000,97.8550000,-0.0433888
38.2000000,402.5665297,14.7220000,97.8510000,-0.0435558
38.2100000,402.6665476,14.7220000,97.8470000,-0.0438300
38.2200000,402.7665655,14.7210000,97.8420000,-0.0433571
38.2300000,402.8665833,14.7200000,97.8380000,-0.0436768
38.2400000,402.9666012,14.7200000,97.8330000,-0.0436312
38.2500000,403.0666190,14.7190000,97.8290000,-0.0441956
38.2600000,403.1666369,14.7180000,97.8250000,-0.0439967
38.2700000,403.2666548,14.7180000,97.8200000,-0.0444241
38.2800000,403.3666726,14.7170000,97.8160000,-0.0444079
38.2900000,403.4666905,14.7160000,97.8110000,-0.0443997
38.3000000,403.5667083,14.7160000,97.8070000,-0.0445451
38.3100000,403.6667262,14.7150000,97.8020000,-0.0446984
38.3200000,403.7667441,14.7140000,97.7980000,-0.0447652
38.3300000,403.8667619,14.7140000,97.7930000,-0.0446527
38.3400000,403.9667798,14.7130000,97.7890000,-0.0447898
38.3500000,404.0667976,14.7120000,97.7840000,-0.0453839
38.3600000,404.1668155,14.7120000,97.7800000,-0.0457495
38.3700000,404.2668334,14.7110000,97.7750000,-0.0458463
38.3800000,404.3668512,14.7100000,97.7710000,-0.0456545
38.3900000,404.4668691,14.7100000,97.7660000,-0.0460840
38.4000000,404.5668869,14.7090000,97.7620000,-0.0462385
38.4100000,404.6669048,14.7080000,97.7570000,-0.0465138
38.4200000,404.7669227,14.7080000,97.7520000,-0.0469266
38.4300000,404.8669405,14.7070000,97.7480000,-0.0467431
38.4400000,404.9669584,14.7060000,97.7430000,-0.0466716
38.4500000,405.0669762,14.7050000,97.7380000,-0.0464489
38.4600000,405.1669941,14.7050000,97.7340000,-0.0470265
38.4700000,405.2670120,14.7040000,97.7290000,-0.0475842
38.4800000,405.3670298,14.7030000,97.7240000,-0.0479785
38.4900000,405.4670477,14.7030000,97.7200000,-0.0476038
38.5000000,405.5670655,14.7020000,97.7150000,-0.0479872
38.5100000,405.6670834,14.7010000,97.7100000,-0.0482897
38.5200000,405.7671013,14.7000000,97.7050000,-0.0484904
38.5300000,405.8671191,14.7000000,97.7000000,-0.0486556
38.5400000,405.9671370,14.6990000,97.6950000,-0.0488932
38.5500000,406.0671548,14.6980000,97.6910000,-0.0489021
38.5600000,406.1671727,14.6980000,97.6860000,-0.0490672
38.5700000,406.2671906,14.6970000,97.6810000,-0.0496069
38.5800000,406.3672084,14.6960000,97.6760000,-0.0496158
38.5900000,406.4672263,14.6950000,97.6710000,-0.0500731
38.6000000,406.5672442,14.6950000,97.6660000,-0.0502285
38.6100000,406.6672620,14.6940000,97.6610000,-0.0507590
38.6200000,406.7672799,14.6930000,97.6560000,-0.0511250
38.6300000,406.8672977,14.6920000,97.6510000,-0.0513993
38.6400000,406.9673156,14.6910000,97.6450000,-0.0513724
38.6500000,407.0673335,14.6910000,97.6400000,-0.0518299
38.6600000,407.1673513,14.6900000,97.6350000,-0.0518124
38.6700000,407.2673692,14.6890000,97.6300000,-0.0522894
38.6800000,407.3673870,14.6880000,97.6250000,-0.0527930
38.6900000,407.4674049,14.6880000,97.6190000,-0.0531691
38.7000000,407.5674228,14.6870000,97.6140000,-0.0532344
38.7100000,407.6674406,14.6860000,97.6090000,-0.0534274
38.7200000,407.7674585,14.6850000,97.6030000,-0.0533718
38.7300000,407.8674763,14.6840000,97.5980000,-0.0538496
38.7400000,407.9674942,14.6840000,97.5920000,-0.0542980
38.7500000,408.0675121,14.6830000,97.5870000,-0.0545271
38.7600000,408.1675299,14.6820000,97.5810000,-0.0548836
38.7700000,408.2675478,14.6810000,97.5760000,-0.0549853
38.7800000,408.3675656,14.6800000,97.5700000,-0.0553418
38.7900000,408.4675835,14.6790000,97.5650000,-0.0557033
38.8000000,408.5676014,14.6790000,97.5590000,-0.0561721
38.8100000,408.6676192,14.6780000,97.5540000,-0.0560700
38.8200000,408.7676371,14.6770000,97.5480000,-0.0563555
38.8300000,408.8676549,14.6760000,97.5420000,-0.0567119
38.8400000,408.9676728,14.6750000,97.5370000,-0.0569411
38.8500000,409.0676907,14.6740000,97.5310000,-0.0573432
38.8600000,409.1677085,14.6730000,97.5250000,-0.0575372
38.8700000,409.2677264,14.6730000,97.5200000,-0.0580275
38.8800000,409.3677442,14.6720000,97.5140000,-0.0579604
38.8900000,409.4677621,14.6710000,97.5080000,-0.0584862
38.9000000,409.5677800,14.6700000,97.5020000,-0.0584083
38.9100000,409.6677978,14.6690000,97.4960000,-0.0590042
38.9200000,409.7678157,14.6680000,97.4900000,-0.0588585
38.9300000,409.8678335,14.6670000,97.4840000,-0.0592623
38.9400000,409.9678514,14.6660000,97.4780000,-0.0593561
38.9500000,410.0678693,14.6650000,97.4720000,-0.0598483
38.9600000,410.1678871,14.6650000,97.4660000,-0.0598024
38.9700000,410.2679050,14.6640000,97.4600000,-0.0606712
38.9800000,410.3679228,14.6630000,97.4540000,-0.0605797
38.9900000,410.4679407,14.6620000,97.4480000,-0.0608095
39.0000000,410.5679586,14.6610000,97.4420000,-0.0613803
39.0100000,410.6679764,14.6600000,97.4360000,-0.0614717
39.0200000,410.7679943,14.6590000,97.4300000,-0.0622826
39.0300000,410.8680121,14.6580000,97.4240000,-0.0624428
39.0400000,410.9680300,14.6570000,97.4170000,-0.0626030
39.0500000,411.0680479,14.6560000,97.4110000,-0.0630495
39.0600000,411.1680657,14.6550000,97.4050000,-0.0635989
39.0700000,411.2680836,14.6540000,97.3980000,-0.0638278
39.0800000,411.3681014,14.6530000,97.3920000,-0.0641484
39.0900000,411.4681193,14.6520000,97.3860000,-0.0646520
39.1000000,411.5681372,14.6510000,97.3790000,-0.0645826
39.1100000,411.6681550,14.6500000,97.3730000,-0.0649826
39.1200000,411.7681729,14.6490000,97.3660000,-0.0654163
39.1300000,411.8681907,14.6490000,97.3600000,-0.0656667
39.1400000,411.9682086,14.6480000,97.3530000,-0.0655176
39.1500000,412.0682265,14.6470000,97.3470000,-0.0659265
39.1600000,412.1682443,14.6460000,97.3400000,-0.0663257
39.1700000,412.2682622,14.6450000,97.3330000,-0.0669194
39.1800000,412.3682801,14.6440000,97.3270000,-0.0671689
39.1900000,412.4682979,14.6430000,97.3200000,-0.0677255
39.2000000,412.5683158,14.6410000,97.3130000,-0.0678376
39.2100000,412.6683336,14.6400000,97.3060000,-0.0678376
39.2200000,412.7683515,14.6390000,97.2990000,-0.0685219
39.2300000,412.8683694,14.6380000,97.2920000,-0.0689529
39.2400000,412.9683872,14.6370000,97.2860000,-0.0693051
39.2500000,413.0684051,14.6360000,97.2790000,-0.0693710
39.2600000,413.1684229,14.6350000,97.2720000,-0.0697939
39.2700000,413.2684408,14.6340000,97.2650000,-0.0704450
39.2800000,413.3684587,14.6330000,97.2570000,-0.0713960
39.2900000,413.4684765,14.6320000,97.2500000,-0.0717610
39.3000000,413.5684944,14.6310000,97.2430000,-0.0740876
39.3100000,413.6685122,14.6300000,97.2360000,-0.0727662
39.3200000,413.7685301,14.6290000,97.2280000,-0.0723492
39.3300000,413.8685480,14.6280000,97.2210000,-0.0769196
39.3400000,413.9685658,14.6270000,97.2140000,-0.0765539
39.3500000,414.0685837,14.6250000,97.2060000,-0.0745430
39.3600000,414.1686015,14.6240000,97.1980000,-0.0766271
39.3700000,414.2686194,14.6230000,97.1910000,-0.0756814
39.3800000,414.3686373,14.6220000,97.1830000,-0.0791571
39.3900000,414.4686551,14.6210000,97.1750000,-0.0776763
39.4000000,414.5686730,14.6190000,97.1670000,-0.0822508
39.4100000,414.6686908,14.6180000,97.1580000,-0.0828908
39.4200000,414.7687087,14.6170000,97.1500000,-0.0815934
39.4300000,414.8687266,14.6160000,97.1420000,-0.0824176
39.4400000,414.9687444,14.6140000,97.1330000,-0.0885531
39.4500000,415.0687623,14.6130000,97.1240000,-0.0864028
39.4600000,415.1687801,14.6120000,97.1150000,-0.0886799
39.4700000,415.2687980,14.6100000,97.1060000,-0.0906836
39.4800000,415.3688159,14.6090000,97.0970000,-0.0912464
39.4900000,415.4688337,14.6080000,97.0870000,-0.0912546
39.5000000,415.5688516,14.6060000,97.0780000,-0.0946950
39.5100000,415.6688694,14.6050000,97.0680000,-0.0936694
39.5200000,415.7688873,14.6030000,97.0590000,-0.0951923
39.5300000,415.8689052,14.6020000,97.0490000,-0.0957875
39.5400000,415.9689230,14.6000000,97.0390000,-0.0980769
39.5500000,416.0689409,14.5990000,97.0290000,-0.0947802
39.5600000,416.1689587,14.5970000,97.0190000,-0.0975275
39.5700000,416.2689766,14.5960000,97.0090000,-0.1022440
39.5800000,416.3689945,14.5940000,96.9990000,-0.1002100
39.5900000,416.4690123,14.5930000,96.9890000,-0.1026560
39.6000000,416.5690302,14.5910000,96.9780000,-0.1044410
39.6100000,416.6690480,14.5890000,96.9670000,-0.1061420
39.6200000,416.7690659,14.5880000,96.9570000,-0.1057830
39.6300000,416.8690838,14.5860000,96.9460000,-0.1031480
39.6400000,416.9691016,14.5850000,96.9360000,-0.1065800
39.6500000,417.0691195,14.5830000,96.9250000,-0.1054430
39.6600000,417.1691373,14.5810000,96.9140000,-0.1063190
39.6700000,417.2691552,14.5800000,96.9030000,-0.1102830
39.6800000,417.3691731,14.5780000,96.8920000,-0.1070380
39.6900000,417.4691909,14.5770000,96.8810000,-0.1119180
39.7000000,417.5692088,14.5750000,96.8700000,-0.1136070
39.7100000,417.6692266,14.5730000,96.8590000,-0.1108680
39.7200000,417.7692445,14.5710000,96.8470000,-0.1187690
39.7300000,417.8692624,14.5700000,96.8350000,-0.1196360
39.7400000,417.9692802,14.5680000,96.8230000,-0.1204360
39.7500000,418.0692981,14.5660000,96.8120000,-0.1171930
39.7600000,418.1693159,14.5640000,96.8000000,-0.1209590
39.7700000,418.2693338,14.5630000,96.7900000,-0.1192240
39.7800000,418.3693517,14.5610000,96.7780000,-0.1206390
39.7900000,418.4693695,14.5590000,96.7660000,-0.1211860
39.8000000,418.5693874,14.5570000,96.7540000,-0.1220760
39.8100000,418.6694053,14.5560000,96.7420000,-0.1265300
39.8200000,418.7694231,14.5540000,96.7290000,-0.1286990
39.8300000,418.8694410,14.5520000,96.7170000,-0.1278080
39.8400000,418.9694588,14.5500000,96.7040000,-0.1317180
39.8500000,419.0694767,14.5480000,96.6910000,-0.1358650
39.8600000,419.1694946,14.5460000,96.6780000,-0.1226180
39.8700000,419.2695124,14.5440000,96.6660000,-0.1247260
39.8800000,419.3695303,14.5420000,96.6530000,-0.1270160
39.8900000,419.4695481,14.5400000,96.6400000,-0.1280490
39.9000000,419.5695660,14.5380000,96.6270000,-0.1237620
39.9100000,419.6695839,14.5360000,96.6140000,-0.1273840
39.9200000,419.7696017,14.5340000,96.6010000,-0.1322880
39.9300000,419.8696196,14.5320000,96.5880000,-0.1288010
39.9400000,419.9696374,14.5300000,96.5750000,-0.1279300
39.9500000,420.0696553,14.5290000,96.5620000,-0.1255950
39.9600000,420.1696732,14.5260000,96.5480000,-0.1426750
39.9700000,420.2696910,14.5240000,96.5340000,-0.1395390
39.9800000,420.3697089,14.5220000,96.5200000,-0.1349210
39.9900000,420.4697267,14.5200000,96.5060000,-0.1361350
40.0000000,420.5697446,14.5180000,96.4930000,-0.1327730
40.0100000,420.6697625,14.5160000,96.4790000,-0.1496430
40.0200000,420.7697803,14.5140000,96.4640000,-0.1383540
40.0300000,420.8697982,14.5120000,96.4510000,-0.1350270
40.0400000,420.9698160,14.5100000,96.4370000,-0.1391330
40.0500000,421.0698339,14.5080000,96.4230000,-0.1415210
40.0600000,421.1698518,14.5050000,96.4090000,-0.1388180
40.0700000,421.2698696,14.5030000,96.3940000,-0.1461400
40.0800000,421.3698875,14.5010000,96.3800000,-0.1364510
40.0900000,421.4699053,14.4990000,96.3670000,-0.1317890
40.1000000,421.5699232,14.4970000,96.3530000,-0.1351830
40.1100000,421.6699411,14.4950000,96.3370000,-0.1344500
40.1200000,421.7699589,14.4930000,96.3230000,-0.1339160
40.1300000,421.8699768,14.4900000,96.3090000,-0.1378050
40.1400000,421.9699946,14.4880000,96.2940000,-0.1416350
40.1500000,422.0700125,14.4860000,96.2770000,-0.1817580
40.1600000,422.1700304,14.4840000,96.2690000,-0.0673192
40.1700000,422.2700482,14.4830000,96.2590000,-0.1437270
40.1800000,422.3700661,14.4800000,96.2400000,-0.2008110
40.1900000,422.4700839,14.4770000,96.2190000,-0.1985430
40.2000000,422.5701018,14.4740000,96.1990000,-0.1921360
40.2100000,422.6701197,14.4710000,96.1810000,-0.1901770
40.2200000,422.7701375,14.4690000,96.1640000,-0.1760630
40.2300000,422.8701554,14.4660000,96.1450000,-0.1868050
40.2400000,422.9701732,14.4630000,96.1280000,-0.1664970
40.2500000,423.0701911,14.4610000,96.1120000,-0.1561460
40.2600000,423.1702090,14.4580000,96.0960000,-0.1597210
40.2700000,423.2702268,14.4560000,96.0800000,-0.1636200
40.2800000,423.3702447,14.4530000,96.0630000,-0.1596050
40.2900000,423.4702625,14.4510000,96.0470000,-0.1566820
40.3000000,423.5702804,14.4490000,96.0310000,-0.1655470
40.3100000,423.6702983,14.4460000,96.0140000,-0.1656400
40.3200000,423.7703161,14.4440000,95.9980000,-0.1671420
40.3300000,423.8703340,14.4410000,95.9810000,-0.1698200
40.3400000,423.9703518,14.4380000,95.9630000,-0.1685010
40.3500000,424.0703697,14.4360000,95.9460000,-0.1672940
40.3600000,424.1703876,14.4330000,95.9280000,-0.1725680
40.3700000,424.2704054,14.4300000,95.9110000,-0.1814300
40.3800000,424.3704233,14.4280000,95.8930000,-0.1813550
40.3900000,424.4704412,14.4250000,95.8750000,-0.1816430
40.4000000,424.5704590,14.4220000,95.8570000,-0.1790040
40.4100000,424.6704769,14.4200000,95.8390000,-0.1800820
40.4200000,424.7704947,14.4170000,95.8210000,-0.1840800
40.4300000,424.8705126,14.4140000,95.8030000,-0.1936260
40.4400000,424.9705305,14.4110000,95.7840000,-0.1955810
40.4500000,425.0705483,14.4090000,95.7650000,-0.1891350
40.4600000,425.1705662,14.4060000,95.7470000,-0.1938090
40.4700000,425.2705840,14.4030000,95.7280000,-0.1871570
40.4800000,425.3706019,14.4000000,95.7090000,-0.1909510
40.4900000,425.4706198,14.3970000,95.6900000,-0.1892470
40.5000000,425.5706376,14.3940000,95.6710000,-0.1909370
40.5100000,425.6706555,14.3920000,95.6520000,-0.1869740
40.5200000,425.7706733,14.3890000,95.6340000,-0.1875930
40.5300000,425.8706912,14.3860000,95.6150000,-0.1918190
40.5400000,425.9707091,14.3830000,95.5960000,-0.1898520
40.5500000,426.0707269,14.3800000,95.5770000,-0.1940690
40.5600000,426.1707448,14.3770000,95.5570000,-0.1953680
40.5700000,426.2707626,14.3740000,95.5370000,-0.2036660
40.5800000,426.3707805,14.3710000,95.5170000,-0.2107660
40.5900000,426.4707984,14.3680000,95.4960000,-0.2181710
40.6000000,426.5708162,14.3650000,95.4750000,-0.2113450
40.6100000,426.6708341,14.3620000,95.4540000,-0.2030230
40.6200000,426.7708519,14.3590000,95.4340000,-0.2033940
40.6300000,426.8708698,14.3560000,95.4130000,-0.2150410
40.6400000,426.9708877,14.3520000,95.3910000,-0.2223730
40.6500000,427.0709055,14.3490000,95.3700000,-0.2199820
40.6600000,427.1709234,14.3460000,95.3480000,-0.2157580
40.6700000,427.2709412,14.3430000,95.3260000,-0.2179870
40.6800000,427.3709591,14.3390000,95.3050000,-0.2174450
40.6900000,427.4709770,14.3360000,95.2830000,-0.2182650
40.7000000,427.5709948,14.3330000,95.2610000,-0.2226730
40.7100000,427.6710127,14.3290000,95.2380000,-0.2206040
40.7200000,427.7710305,14.3260000,95.2160000,-0.2191900
40.7300000,427.8710484,14.3230000,95.1940000,-0.2272690
40.7400000,427.9710663,14.3190000,95.1710000,-0.2287300
40.7500000,428.0710841,14.3160000,95.1520000,-0.2242100
40.7600000,428.1711020,14.3130000,95.1290000,-0.2144490
40.7700000,428.2711198,14.3090000,95.1070000,-0.2169980
40.7800000,428.3711377,14.3060000,95.0840000,-0.2218770
40.7900000,428.4711556,14.3030000,95.0610000,-0.2241100
40.8000000,428.5711734,14.2990000,95.0380000,-0.2266170
40.8100000,428.6711913,14.2960000,95.0150000,-0.2310430
40.8200000,428.7712091,14.2920000,94.9910000,-0.2320900
40.8300000,428.8712270,14.2880000,94.9670000,-0.2321900
40.8400000,428.9712449,14.2850000,94.9420000,-0.2410420
40.8500000,429.0712627,14.2810000,94.9180000,-0.2477610
40.8600000,429.1712806,14.2770000,94.8930000,-0.2517820
40.8700000,429.2712984,14.2740000,94.8680000,-0.2574070
40.8800000,429.3713163,14.2700000,94.8420000,-0.2558540
40.8900000,429.4713342,14.2660000,94.8170000,-0.2485340
40.9000000,429.5713520,14.2620000,94.7920000,-0.2542930
40.9100000,429.6713699,14.2580000,94.7650000,-0.2668890
40.9200000,429.7713877,14.2540000,94.7390000,-0.2627820
40.9300000,429.8714056,14.2500000,94.7130000,-0.2563910
40.9400000,429.9714235,14.2460000,94.6860000,-0.2661590
40.9500000,430.0714413,14.2420000,94.6590000,-0.2688520
40.9600000,430.1714592,14.2380000,94.6320000,-0.2731420
40.9700000,430.2714770,14.2340000,94.6050000,-0.2700860
40.9800000,430.3714949,14.2300000,94.5770000,-0.2738950
40.9900000,430.4715128,14.2260000,94.5490000,-0.2768650
41.0000000,430.5715306,14.2210000,94.5200000,-0.2865370
41.0100000,430.6715485,14.2170000,94.4920000,-0.2843890
41.0200000,430.7715664,14.2130000,94.4630000,-0.2831030
41.0300000,430.8715842,14.2080000,94.4350000,-0.2825910
41.0400000,430.9716021,14.2040000,94.4060000,-0.2898990
41.0500000,431.0716199,14.2000000,94.3760000,-0.2938050
41.0600000,431.1716378,14.1950000,94.3470000,-0.2968670
41.0700000,431.2716557,14.1910000,94.3170000,-0.2957500
41.0800000,431.3716735,14.1860000,94.2880000,-0.2942570
41.0900000,431.4716914,14.1820000,94.2590000,-0.3040250
41.1000000,431.5717092,14.1770000,94.2290000,-0.2948090
41.1100000,431.6717271,14.1730000,94.2000000,-0.2978020
41.1200000,431.7717450,14.1690000,94.1700000,-0.3046430
41.1300000,431.8717628,14.1640000,94.1400000,-0.3063470
41.1400000,431.9717807,14.1600000,94.1100000,-0.3020900
41.1500000,432.0717985,14.1550000,94.0800000,-0.3066510
41.1600000,432.1718164,14.1510000,94.0500000,-0.2978900
41.1700000,432.2718343,14.1460000,94.0210000,-0.3063980
41.1800000,432.3718521,14.1420000,93.9900000,-0.3057340
41.1900000,432.4718700,14.1370000,93.9600000,-0.3036240
41.2000000,432.5718878,14.1320000,93.9290000,-0.3070640
41.2100000,432.6719057,14.1280000,93.8990000,-0.3086490
41.2200000,432.7719236,14.1230000,93.8680000,-0.3125680
41.2300000,432.8719414,14.1190000,93.8370000,-0.3067690
41.2400000,432.9719593,14.1140000,93.8070000,-0.3136820
41.2500000,433.0719771,14.1090000,93.7750000,-0.3095090
41.2600000,433.1719950,14.1050000,93.7440000,-0.3123740
41.2700000,433.2720129,14.1000000,93.7130000,-0.3125920
41.2800000,433.3720307,14.0950000,93.6810000,-0.3194520
41.2900000,433.4720486,14.0900000,93.6500000,-0.3240330
41.3000000,433.5720664,14.0860000,93.6180000,-0.3252290
41.3100000,433.6720843,14.0810000,93.5860000,-0.3280710
41.3200000,433.7721022,14.0760000,93.5530000,-0.3352240
41.3300000,433.8721200,14.0710000,93.5200000,-0.3291410
41.3400000,433.9721379,14.0660000,93.4880000,-0.3371320
41.3500000,434.0721557,14.0610000,93.4540000,-0.3441790
41.3600000,434.1721736,14.0560000,93.4200000,-0.3393990
41.3700000,434.2721915,14.0510000,93.3870000,-0.3574370
41.3800000,434.3722093,14.0450000,93.3510000,-0.3423010
41.3900000,434.4722272,14.0400000,93.3180000,-0.3436810
41.4000000,434.5722450,14.0350000,93.2840000,-0.3414780
41.4100000,434.6722629,14.0300000,93.2500000,-0.3374040
41.4200000,434.7722808,14.0250000,93.2160000,-0.3362140
41.4300000,434.8722986,14.0200000,93.1810000,-0.3532040
41.4400000,434.9723165,14.0140000,93.1450000,-0.3551660
41.4500000,435.0723343,14.0090000,93.1110000,-0.3507300
41.4600000,435.1723522,14.0040000,93.0750000,-0.3475820
41.4700000,435.2723701,13.9990000,93.0400000,-0.3502640
41.4800000,435.3723879,13.9930000,93.0050000,-0.3515880
41.4900000,435.4724058,13.9880000,92.9690000,-0.3598600
41.5000000,435.5724236,13.9820000,92.9330000,-0.3603560
41.5100000,435.6724415,13.9770000,92.8960000,-0.3654650
41.5200000,435.7724594,13.9710000,92.8590000,-0.3749540
41.5300000,435.8724772,13.9660000,92.8210000,-0.3740190
41.5400000,435.9724951,13.9600000,92.7830000,-0.3750230
41.5500000,436.0725129,13.9540000,92.7450000,-0.3739710
41.5600000,436.1725308,13.9490000,92.7070000,-0.3739950
41.5700000,436.2725487,13.9430000,92.6700000,-0.3787500
41.5800000,436.3725665,13.9370000,92.6320000,-0.3743820
41.5900000,436.4725844,13.9310000,92.5930000,-0.3846710
41.6000000,436.5726023,13.9260000,92.5550000,-0.3780880
41.6100000,436.6726201,13.9200000,92.5160000,-0.3765780
41.6200000,436.7726380,13.9140000,92.4780000,-0.3849790
41.6300000,436.8726558,13.9080000,92.4380000,-0.3959250
41.6400000,436.9726737,13.9020000,92.3980000,-0.3877750
41.6500000,437.0726916,13.8960000,92.3580000,-0.3970300
41.6600000,437.1727094,13.8900000,92.3180000,-0.4031070
41.6700000,437.2727273,13.8840000,92.2780000,-0.3979550
41.6800000,437.3727451,13.8780000,92.2370000,-0.3958760
41.6900000,437.4727630,13.8720000,92.1960000,-0.4060840
41.7000000,437.5727809,13.8650000,92.1540000,-0.4086080
41.7100000,437.6727987,13.8590000,92.1120000,-0.4097650
41.7200000,437.7728166,13.8530000,92.0710000,-0.4243130
41.7300000,437.8728344,13.8460000,92.0280000,-0.4217950
41.7400000,437.9728523,13.8400000,91.9850000,-0.4204940
41.7500000,438.0728702,13.8330000,91.9420000,-0.4263370
41.7600000,438.1728880,13.8270000,91.8990000,-0.4334800
41.7700000,438.2729059,13.8200000,91.8550000,-0.4429130
41.7800000,438.3729237,13.8140000,91.8110000,-0.4445710
41.7900000,438.4729416,13.8070000,91.7660000,-0.4546480
41.8000000,438.5729595,13.8000000,91.7200000,-0.4514940
41.8100000,438.6729773,13.7930000,91.6740000,-0.4645150
41.8200000,438.7729952,13.7860000,91.6270000,-0.4716970
41.8300000,438.8730130,13.7790000,91.5800000,-0.4649400
41.8400000,438.9730309,13.7720000,91.5330000,-0.4630730
41.8500000,439.0730488,13.7650000,91.4860000,-0.4648330
41.8600000,439.1730666,13.7580000,91.4380000,-0.4823450
41.8700000,439.2730845,13.7500000,91.3900000,-0.4751050
41.8800000,439.3731023,13.7430000,91.3420000,-0.4625640
41.8900000,439.4731202,13.7360000,91.2950000,-0.4778440
41.9000000,439.5731381,13.7290000,91.2460000,-0.4823030
41.9100000,439.6731559,13.7210000,91.1980000,-0.4764790
41.9200000,439.7731738,13.7140000,91.1490000,-0.4853340
41.9300000,439.8731916,13.7060000,91.0990000,-0.4962380
41.9400000,439.9732095,13.6990000,91.0490000,-0.5004580
41.9500000,440.0732274,13.6910000,90.9990000,-0.4997720
41.9600000,440.1732452,13.6840000,90.9490000,-0.5036210
41.9700000,440.2732631,13.6760000,90.8990000,-0.5008720
41.9800000,440.3732809,13.6690000,90.8480000,-0.5124220
41.9900000,440.4732988,13.6610000,90.7980000,-0.5087520
42.0000000,440.5733167,13.6540000,90.7480000,-0.5102110
42.0100000,440.6733345,13.6460000,90.6970000,-0.5154760
42.0200000,440.7733524,13.6380000,90.6450000,-0.5269780
42.0300000,440.8733702,13.6300000,90.5930000,-0.5331960
42.0400000,440.9733881,13.6220000,90.5400000,-0.5361720
42.0500000,441.0734060,13.6150000,90.4880000,-0.5377610
42.0600000,441.1734238,13.6060000,90.4340000,-0.5552640
42.0700000,441.2734417,13.5980000,90.3780000,-0.5609230
42.0800000,441.3734595,13.5900000,90.3230000,-0.5573510
42.0900000,441.4734774,13.5810000,90.2670000,-0.5602190
42.1000000,441.5734953,13.5730000,90.2110000,-0.5725360
42.1100000,441.6735131,13.5640000,90.1540000,-0.5834080
42.1200000,441.7735310,13.5560000,90.0960000,-0.5738600
42.1300000,441.8735488,13.5470000,90.0380000,-0.5823900
42.1400000,441.9735667,13.5380000,89.9780000,-0.6027830
42.1500000,442.0735846,13.5290000,89.9190000,-0.5921670
42.1600000,442.1736024,13.5200000,89.8600000,-0.5928140
42.1700000,442.2736203,13.5110000,89.8000000,-0.6163470
42.1800000,442.3736381,13.5020000,89.7390000,-0.6218470
42.1900000,442.4736560,13.4930000,89.6780000,-0.6293600
42.2000000,442.5736739,13.4830000,89.6150000,-0.6304350
42.2100000,442.6736917,13.4740000,89.5510000,-0.6386770
42.2200000,442.7737096,13.4640000,89.4890000,-0.6324220
42.2300000,442.8737275,13.4550000,89.4260000,-0.6380580
42.2400000,442.9737453,13.4450000,89.3640000,-0.6467140
42.2500000,443.0737632,13.4360000,89.3020000,-0.6176210
42.2600000,443.1737810,13.4270000,89.2410000,-0.6026610
42.2700000,443.2737989,13.4180000,89.1800000,-0.6434510
42.2800000,443.3738168,13.4080000,89.1170000,-0.6398620
42.2900000,443.4738346,13.3990000,89.0540000,-0.6627470
42.3000000,443.5738525,13.3890000,88.9890000,-0.6747000
42.3100000,443.6738703,13.3790000,88.9210000,-0.6659190
42.3200000,443.7738882,13.3690000,88.8550000,-0.6688160
42.3300000,443.8739061,13.3590000,88.7890000,-0.6825510
42.3400000,443.9739239,13.3490000,88.7220000,-0.6866760
42.3500000,444.0739418,13.3390000,88.6550000,-0.6888280
42.3600000,444.1739596,13.3280000,88.5860000,-0.6982600
42.3700000,444.2739775,13.3180000,88.5160000,-0.7118940
42.3800000,444.3739954,13.3070000,88.4460000,-0.7197800
42.3900000,444.4740132,13.2970000,88.3760000,-0.7159020
42.4000000,444.5740311,13.2860000,88.3060000,-0.7276790
42.4100000,444.6740489,13.2750000,88.2320000,-0.7279960
42.4200000,444.7740668,13.2640000,88.1590000,-0.7356100
42.4300000,444.8740847,13.2530000,88.0840000,-0.7389160
42.4400000,444.9741025,13.2420000,88.0100000,-0.7663530
42.4500000,445.0741204,13.2310000,87.9350000,-0.7789170
42.4600000,445.1741382,13.2190000,87.8570000,-0.7956480
42.4700000,445.2741561,13.2070000,87.7770000,-0.8175530
42.4800000,445.3741740,13.1950000,87.6960000,-0.8329810
42.4900000,445.4741918,13.1820000,87.6140000,-0.8521000
42.5000000,445.5742097,13.1700000,87.5320000,-0.8420610
42.5100000,445.6742275,13.1570000,87.4490000,-0.8451670
42.5200000,445.7742454,13.1450000,87.3660000,-0.8440630
42.5300000,445.8742633,13.1320000,87.2830000,-0.8528970
42.5400000,445.9742811,13.1200000,87.2010000,-0.8736540
42.5500000,446.0742990,13.1070000,87.1150000,-0.8397680
42.5600000,446.1743168,13.0940000,87.0300000,-0.8620640
42.5700000,446.2743347,13.0810000,86.9440000,-0.8570980
42.5800000,446.3743526,13.0680000,86.8580000,-0.8785890
42.5900000,446.4743704,13.0550000,86.7700000,-0.8219720
42.6000000,446.5743883,13.0420000,86.6840000,-0.8513810
42.6100000,446.6744061,13.0290000,86.5960000,-0.8584380
42.6200000,446.7744240,13.0160000,86.5090000,-0.8611590
42.6300000,446.8744419,13.0030000,86.4210000,-0.8594210
42.6400000,446.9744597,12.9890000,86.3330000,-0.8619040
42.6500000,447.0744776,12.9760000,86.2430000,-0.8803570
42.6600000,447.1744954,12.9630000,86.1550000,-0.8755490
42.6700000,447.2745133,12.9490000,86.0650000,-0.9258710
42.6800000,447.3745312,12.9350000,85.9730000,-0.9253420
42.6900000,447.4745490,12.9210000,85.8810000,-0.9217200
42.7000000,447.5745669,12.9080000,85.7890000,-0.9140440
42.7100000,447.6745847,12.8940000,85.6970000,-0.9264630
42.7200000,447.7746026,12.8800000,85.6030000,-0.9386650
42.7300000,447.8746205,12.8660000,85.5100000,-0.9101010
42.7400000,447.9746383,12.8520000,85.4180000,-0.9305300
42.7500000,448.0746562,12.8370000,85.3210000,-0.9470560
42.7600000,448.1746740,12.8230000,85.2250000,-0.9507090
42.7700000,448.2746919,12.8080000,85.1280000,-0.9757310
42.7800000,448.3747098,12.7930000,85.0280000,-0.9974860
42.7900000,448.4747276,12.7780000,84.9270000,-0.9604840
42.8000000,448.5747455,12.7630000,84.8270000,-0.9744400
42.8100000,448.6747634,12.7480000,84.7260000,-0.9797990
42.8200000,448.7747812,12.7320000,84.6240000,-0.9998170
42.8300000,448.8747991,12.7170000,84.5220000,-1.0054800
42.8400000,448.9748169,12.7010000,84.4180000,-1.0316400
42.8500000,449.0748348,12.6850000,84.3120000,-1.0423100
42.8600000,449.1748527,12.6690000,84.2050000,-1.0522400
42.8700000,449.2748705,12.6530000,84.0970000,-1.0616000
42.8800000,449.3748884,12.6370000,83.9890000,-1.0866400
42.8900000,449.4749062,12.6200000,83.8780000,-1.1027600
42.9000000,449.5749241,12.6040000,83.7680000,-1.0820500
42.9100000,449.6749420,12.5870000,83.6580000,-1.0957900
42.9200000,449.7749598,12.5700000,83.5460000,-1.1149000
42.9300000,449.8749777,12.5540000,83.4360000,-1.1030700
42.9400000,449.9749955,12.5370000,83.3250000,-1.1265100
42.9500000,450.0750134,12.5200000,83.2110000,-1.1433900
42.9600000,450.1750313,12.5020000,83.0960000,-1.1445000
42.9700000,450.2750491,12.4850000,82.9780000,-1.2123400
42.9800000,450.3750670,12.4670000,82.8600000,-1.1962900
42.9900000,450.4750848,12.4490000,82.7380000,-1.2134200
43.0000000,450.5751027,12.4310000,82.6190000,-1.1980800
43.0100000,450.6751206,12.4120000,82.4980000,-1.2047200
43.0200000,450.7751384,12.3940000,82.3770000,-1.2235800
43.0300000,450.8751563,12.3760000,82.2550000,-1.2056000
43.0400000,450.9751741,12.3570000,82.1320000,-1.2265100
43.0500000,451.0751920,12.3390000,82.0070000,-1.2593600
43.0600000,451.1752099,12.3200000,81.8820000,-1.2644600
43.0700000,451.2752277,12.3010000,81.7560000,-1.2544000
43.0800000,451.3752456,12.2820000,81.6280000,-1.3088100
43.0900000,451.4752634,12.2610000,81.4950000,-1.3376000
43.1000000,451.5752813,12.2410000,81.3610000,-1.3611000
43.1100000,451.6752992,12.2210000,81.2270000,-1.3609400
43.1200000,451.7753170,12.2010000,81.0920000,-1.3627700
43.1300000,451.8753349,12.1810000,80.9590000,-1.3611200
43.1400000,451.9753527,12.1610000,80.8260000,-1.3564900
43.1500000,452.0753706,12.1410000,80.6930000,-1.3835600
43.1600000,452.1753885,12.1210000,80.5580000,-1.3941800
43.1700000,452.2754063,12.1000000,80.4190000,-1.4209100
43.1800000,452.3754242,12.0790000,80.2800000,-1.4136800
43.1900000,452.4754420,12.0570000,80.1390000,-1.4540300
43.2000000,452.5754599,12.0360000,79.9950000,-1.4997700
43.2100000,452.6754778,12.0140000,79.8510000,-1.4493100
43.2200000,452.7754956,11.9930000,79.7080000,-1.4458800
43.2300000,452.8755135,11.9710000,79.5660000,-1.4245600
43.2400000,452.9755313,11.9460000,79.3990000,-1.4663300
43.2500000,453.0755492,11.9250000,79.2550000,-1.4734500
43.2600000,453.1755671,11.9030000,79.1090000,-1.4804400
43.2700000,453.2755849,11.8800000,78.9620000,-1.4844200
43.2800000,453.3756028,11.8580000,78.8130000,-1.4964300
43.2900000,453.4756206,11.8350000,78.6630000,-1.5226600
43.3000000,453.5756385,11.8120000,78.5100000,-1.5311400
43.3100000,453.6756564,11.7890000,78.3570000,-1.5346900
43.3200000,453.7756742,11.7670000,78.2050000,-1.5126300
43.3300000,453.8756921,11.7440000,78.0540000,-1.5226100
43.3400000,453.9757099,11.7210000,77.9040000,-1.4988100
43.3500000,454.0757278,11.6990000,77.7540000,-1.5319500
43.3600000,454.1757457,11.6760000,77.6010000,-1.5501200
43.3700000,454.2757635,11.6520000,77.4460000,-1.5807500
43.3800000,454.3757814,11.6280000,77.2870000,-1.6222900
43.3900000,454.4757992,11.6040000,77.1270000,-1.6153200
43.4000000,454.5758171,11.5800000,76.9680000,-1.6015100
43.4100000,454.6758350,11.5560000,76.8080000,-1.6341300
43.4200000,454.7758528,11.5320000,76.6450000,-1.6595800
43.4300000,454.8758707,11.5110000,76.5070000,-1.6744700
43.4400000,454.9758886,11.4860000,76.3410000,-1.6830900
43.4500000,455.0759064,11.4610000,76.1720000,-1.6911800
43.4600000,455.1759243,11.4350000,76.0030000,-1.7001800
43.4700000,455.2759421,11.4100000,75.8330000,-1.6851800
43.4800000,455.3759600,11.3840000,75.6620000,-1.7186200
43.4900000,455.4759779,11.3580000,75.4900000,-1.6929200
43.5000000,455.5759957,11.3320000,75.3180000,-1.6850500
43.5100000,455.6760136,11.3060000,75.1470000,-1.7273500
43.5200000,455.7760314,11.2800000,74.9720000,-1.7501900
43.5300000,455.8760493,11.2530000,74.7950000,-1.7673400
43.5400000,455.9760672,11.2260000,74.6150000,-1.7822200
43.5500000,456.0760850,11.1980000,74.4260000,-1.8864300
43.5600000,456.1761029,11.1700000,74.2380000,-1.8308800
43.5700000,456.2761207,11.1420000,74.0530000,-1.8445500
43.5800000,456.3761386,11.1140000,73.8650000,-1.9032400
43.5900000,456.4761565,11.0850000,73.6720000,-1.9898400
43.6000000,456.5761743,11.0540000,73.4720000,-1.9678300
43.6100000,456.6761922,11.0250000,73.2740000,-1.9701600
43.6200000,456.7762100,10.9950000,73.0780000,-1.9598200
43.6300000,456.8762279,10.9660000,72.8830000,-1.9637400
43.6400000,456.9762458,10.9360000,72.6860000,-1.9939900
43.6500000,457.0762636,10.9010000,72.4550000,-1.9875100
43.6600000,457.1762815,10.8710000,72.2550000,-2.0177700
43.6700000,457.2762993,10.8410000,72.0530000,-2.0329400
43.6800000,457.3763172,10.8100000,71.8510000,-2.0037700
43.6900000,457.4763351,10.7800000,71.6510000,-1.9970600
43.7000000,457.5763529,10.7500000,71.4510000,-1.9961900
43.7100000,457.6763708,10.7200000,71.2500000,-2.0162400
43.7200000,457.7763886,10.6900000,71.0480000,-2.0460100
43.7300000,457.8764065,10.6590000,70.8420000,-2.0635700
43.7400000,457.9764244,10.6280000,70.6350000,-2.0906200
43.7500000,458.0764422,10.5960000,70.4280000,-2.0798100
43.7600000,458.1764601,10.5640000,70.2130000,-2.2546500
43.7700000,458.2764779,10.5310000,69.9920000,-2.1625500
43.7800000,458.3764958,10.4990000,69.7790000,-2.1300600
43.7900000,458.4765137,10.4670000,69.5660000,-2.1593300
43.8000000,458.5765315,10.4340000,69.3490000,-2.1937900
43.8100000,458.6765494,10.4010000,69.1310000,-2.1868200
43.8200000,458.7765672,10.3680000,68.9110000,-2.2102000
43.8300000,458.8765851,10.3350000,68.6920000,-2.1909400
43.8400000,458.9766030,10.3020000,68.4740000,-2.1401100
43.8500000,459.0766208,10.2700000,68.2590000,-2.1809900
43.8600000,459.1766387,10.2370000,68.0390000,-2.2577500
43.8700000,459.2766565,10.2030000,67.8130000,-2.2778400
43.8800000,459.3766744,10.1690000,67.5890000,-2.2376800
43.8900000,459.4766923,10.1360000,67.3650000,-2.3050300
43.9000000,459.5767101,10.1010000,67.1350000,-2.3333900
43.9100000,459.6767280,10.0660000,66.9020000,-2.3624400
43.9200000,459.7767458,10.0300000,66.6660000,-2.4057900
43.9300000,459.8767637,9.9950000,66.4290000,-2.4121700
43.9400000,459.9767816,9.9580000,66.1870000,-2.5254800
43.9500000,460.0767994,9.9210000,65.9400000,-2.3867000
43.9600000,460.1768173,9.8860000,65.7070000,-2.3144300
43.9700000,460.2768351,9.8510000,65.4760000,-2.3353600
43.9800000,460.3768530,9.8160000,65.2390000,-2.4078900
43.9900000,460.4768709,9.7790000,64.9970000,-2.4548400
44.0000000,460.5768887,9.7420000,64.7500000,-2.4863600
44.0100000,460.6769066,9.7050000,64.5020000,-2.4584800
44.0200000,460.7769245,9.6680000,64.2570000,-2.4409600
44.0300000,460.8769423,9.6310000,64.0140000,-2.4177400
44.0400000,460.9769602,9.5950000,63.7720000,-2.4245100
44.0500000,461.0769780,9.5580000,63.5280000,-2.4611300
44.0600000,461.1769959,9.5210000,63.2770000,-2.5154800
44.0700000,461.2770138,9.4830000,63.0280000,-2.4901100
44.0800000,461.3770316,9.4450000,62.7750000,-2.5276800
44.0900000,461.4770495,9.4060000,62.5180000,-2.5977800
44.1000000,461.5770673,9.3670000,62.2540000,-2.6512800
44.1100000,461.6770852,9.3270000,61.9880000,-2.6461900
44.1200000,461.7771031,9.2870000,61.7260000,-2.5769200
44.1300000,461.8771209,9.2490000,61.4730000,-2.4897800
44.1400000,461.9771388,9.2110000,61.2200000,-2.5507500
44.1500000,462.0771566,9.1720000,60.9580000,-2.6284300
44.1600000,462.1771745,9.1310000,60.6900000,-2.7268300
44.1700000,462.2771924,9.0900000,60.4140000,-2.7649800
44.1800000,462.3772102,9.0480000,60.1370000,-2.7173700
44.1900000,462.4772281,9.0080000,59.8690000,-2.6550100
44.2000000,462.5772459,8.9680000,59.6020000,-2.6475500
44.2100000,462.6772638,8.9280000,59.3360000,-2.6517600
44.2200000,462.7772817,8.8880000,59.0710000,-2.6807400
44.2300000,462.8772995,8.8470000,58.7980000,-2.7716900
44.2400000,462.9773174,8.8040000,58.5180000,-2.8324600
44.2500000,463.0773352,8.7620000,58.2380000,-2.7571500
44.2600000,463.1773531,8.7210000,57.9630000,-2.7277500
44.2700000,463.2773710,8.6800000,57.6870000,-2.7862300
44.2800000,463.3773888,8.6370000,57.4050000,-2.8345900
44.2900000,463.4774067,8.5940000,57.1210000,-2.8236300
44.3000000,463.5774245,8.5520000,56.8380000,-2.8247000
44.3100000,463.6774424,8.5090000,56.5530000,-2.8411800
44.3200000,463.7774603,8.4660000,56.2650000,-2.9063000
44.3300000,463.8774781,8.4220000,55.9750000,-2.9020500
44.3400000,463.9774960,8.3780000,55.6860000,-2.8770100
44.3500000,464.0775138,8.3350000,55.4000000,-2.8748900
44.3600000,464.1775317,8.2920000,55.1120000,-2.9270200
44.3700000,464.2775496,8.2480000,54.8210000,-2.9307600
44.3800000,464.3775674,8.2040000,54.5280000,-2.9989500
44.3900000,464.4775853,8.1590000,54.2260000,-3.0771400
44.4000000,464.5776031,8.1130000,53.9210000,-3.0655600
44.4100000,464.6776210,8.0680000,53.6200000,-3.0393600
44.4200000,464.7776389,8.0220000,53.3170000,-3.0607300
44.4300000,464.8776567,7.9760000,53.0130000,-3.0741100
44.4400000,464.9776746,7.9310000,52.7090000,-3.0567200
44.4500000,465.0776924,7.8850000,52.4050000,-3.0938500
44.4600000,465.1777103,7.8380000,52.0980000,-3.0790900
44.4700000,465.2777282,7.7920000,51.7910000,-3.1118900
44.4800000,465.3777460,7.7460000,51.4810000,-3.1461000
44.4900000,465.4777639,7.6980000,51.1650000,-3.1685600
44.5000000,465.5777817,7.6510000,50.8520000,-3.1156700
44.5100000,465.6777996,7.6040000,50.5400000,-3.1620200
44.5200000,465.7778175,7.5560000,50.2210000,-3.2221400
44.5300000,465.8778353,7.5070000,49.8970000,-3.2317500
44.5400000,465.9778532,7.4590000,49.5780000,-3.1669900
44.5500000,466.0778710,7.4120000,49.2600000,-3.1509200
44.5600000,466.1778889,7.3640000,48.9440000,-3.1699100
44.5700000,466.2779068,7.3160000,48.6260000,-3.2233900
44.5800000,466.3779246,7.2670000,48.3000000,-3.2883000
44.5900000,466.4779425,7.2170000,47.9690000,-3.3141300
44.6000000,466.5779604,7.1680000,47.6380000,-3.2740200
44.6100000,466.6779782,7.1190000,47.3150000,-3.2262600
44.6200000,466.7779961,7.0700000,46.9910000,-3.2466100
44.6300000,466.8780139,7.0210000,46.6620000,-3.2924800
44.6400000,466.9780318,6.9710000,46.3310000,-3.3161400
44.6500000,467.0780497,6.9210000,45.9980000,-3.3474500
44.6600000,467.1780675,6.8700000,45.6640000,-3.3408500
44.6700000,467.2780854,6.8200000,45.3280000,-3.3373900
44.6800000,467.3781032,6.7700000,44.9940000,-3.3414400
44.6900000,467.4781211,6.7200000,44.6610000,-3.2912300
44.7000000,467.5781390,6.6700000,44.3290000,-3.3292700
44.7100000,467.6781568,6.6190000,43.9910000,-3.3999200
44.7200000,467.7781747,6.5670000,43.6490000,-3.3943700
44.7300000,467.8781925,6.5160000,43.3080000,-3.3710900
44.7400000,467.9782104,6.4650000,42.9690000,-3.3690800
44.7500000,468.0782283,6.4140000,42.6290000,-3.3816900
44.7600000,468.1782461,6.3630000,42.2890000,-3.3992500
44.7700000,468.2782640,6.3110000,41.9470000,-3.4156100
44.7800000,468.3782818,6.2590000,41.6030000,-3.4286300
44.7900000,468.4782997,6.2080000,41.2590000,-3.4139300
44.8000000,468.5783176,6.1560000,40.9150000,-3.4449300
44.8100000,468.6783354,6.1040000,40.5670000,-3.4723100
44.8200000,468.7783533,6.0510000,40.2180000,-3.5141100
44.8300000,468.8783711,5.9980000,39.8670000,-3.5184000
44.8400000,468.9783890,5.9450000,39.5150000,-3.4882400
44.8500000,469.0784069,5.8930000,39.1690000,-3.4633400
44.8600000,469.1784247,5.8410000,38.8210000,-3.5261500
44.8700000,469.2784426,5.7880000,38.4690000,-3.5248700
44.8800000,469.3784604,5.7350000,38.1190000,-3.4912700
44.8900000,469.4784783,5.6830000,37.7710000,-3.5075900
44.9000000,469.5784962,5.6300000,37.4210000,-3.5144100
44.9100000,469.6785140,5.5770000,37.0700000,-3.5337100
44.9200000,469.7785319,5.5240000,36.7170000,-3.5264200
44.9300000,469.8785497,5.4720000,36.3660000,-3.5355500
44.9400000,469.9785676,5.4190000,36.0160000,-3.5226300
44.9500000,470.0785855,5.3660000,35.6670000,-3.4952400
44.9600000,470.1786033,5.3140000,35.3170000,-3.5037800
44.9700000,470.2786212,5.2610000,34.9680000,-3.4944300
44.9800000,470.3786390,5.2080000,34.6170000,-3.5418200
44.9900000,470.4786569,5.1550000,34.2630000,-3.5501800
45.0000000,470.5786748,5.1020000,33.9080000,-3.5497000
45.0100000,470.6786926,5.0490000,33.5560000,-3.4894600
45.0200000,470.7787105,4.9960000,33.2050000,-3.5218800
45.0300000,470.8787283,4.9430000,32.8520000,-3.5337200
45.0400000,470.9787462,4.8900000,32.4980000,-3.5367000
45.0500000,471.0787641,4.8360000,32.1450000,-3.5234300
45.0600000,471.1787819,4.7830000,31.7930000,-3.5047700
45.0700000,471.2787998,4.7310000,31.4430000,-3.5038900
45.0800000,471.3788176,4.6770000,31.0870000,-3.5437500
45.0900000,471.4788355,4.6240000,30.7340000,-3.4905200
45.1000000,471.5788534,4.5720000,30.3840000,-3.4844800
45.1100000,471.6788712,4.5190000,30.0360000,-3.4523300
45.1200000,471.7788891,4.4670000,29.6920000,-3.4147800
45.1300000,471.8789069,4.4150000,29.3460000,-3.4628700
45.1400000,471.9789248,4.3620000,28.9920000,-3.5514700
45.1500000,472.0789427,4.3080000,28.6360000,-3.4902800
45.1600000,472.1789605,4.2560000,28.2870000,-3.4912400
45.1700000,472.2789784,4.2030000,27.9360000,-3.4878600
45.1800000,472.3789962,4.1510000,27.5870000,-3.4632200
45.1900000,472.4790141,4.0990000,27.2400000,-3.4314400
45.2000000,472.5790320,4.0470000,26.8960000,-3.4180100
45.2100000,472.6790498,3.9950000,26.5530000,-3.4453700
45.2200000,472.7790677,3.9430000,26.2040000,-3.4716400
45.2300000,472.8790856,3.8900000,25.8570000,-3.4328800
45.2400000,472.9791034,3.8390000,25.5120000,-3.4306600
45.2500000,473.0791213,3.7870000,25.1680000,-3.4255800
45.2600000,473.1791391,3.7350000,24.8260000,-3.4156100
45.2700000,473.2791570,3.6840000,24.4830000,-3.3972300
45.2800000,473.3791749,3.6330000,24.1430000,-3.3815100
45.2900000,473.4791927,3.5820000,23.8050000,-3.3664300
45.3000000,473.5792106,3.5390000,23.5240000,-3.3823000
45.3100000,473.6792284,3.4890000,23.1890000,-3.3112000
45.3200000,473.7792463,3.4400000,22.8610000,-3.2975300
45.3300000,473.8792642,3.3900000,22.5310000,-3.3006300
45.3400000,473.9792820,3.3400000,22.1990000,-3.3507400
45.3500000,474.0792999,3.2900000,21.8640000,-3.3138500
45.3600000,474.1793177,3.2400000,21.5370000,-3.2541600
45.3700000,474.2793356,3.1910000,21.2090000,-3.3069200
45.3800000,474.3793535,3.1410000,20.8760000,-3.3401400
45.3900000,474.4793713,3.0910000,20.5440000,-3.2381000
45.4000000,474.5793892,3.0420000,20.2210000,-3.2106700
45.4100000,474.6794070,2.9940000,19.8980000,-3.1952000
45.4200000,474.7794249,2.9460000,19.5780000,-3.1569400
45.4300000,474.8794428,2.8990000,19.2650000,-3.0730200
45.4400000,474.9794606,2.8520000,18.9560000,-3.0852100
45.4500000,475.0794785,2.8050000,18.6440000,-3.1414000
45.4600000,475.1794963,2.7580000,18.3280000,-3.1279300
45.4700000,475.2795142,2.7100000,18.0110000,-3.1511200
45.4800000,475.3795321,2.6620000,17.6960000,-3.1255000
45.4900000,475.4795499,2.6150000,17.3820000,-3.0844900
45.5000000,475.5795678,2.5700000,17.0800000,-2.9337800
45.5100000,475.6795856,2.5260000,16.7860000,-2.8854600
45.5200000,475.7796035,2.4820000,16.4950000,-2.8821900
45.5300000,475.8796214,2.4380000,16.2040000,-2.8942200
45.5400000,475.9796392,2.3940000,15.9110000,-2.8872500
45.5500000,476.0796571,2.3500000,15.6210000,-2.8687700
45.5600000,476.1796749,2.3060000,15.3300000,-2.8856400
45.5700000,476.2796928,2.2630000,15.0390000,-2.8699900
45.5800000,476.3797107,2.2200000,14.7520000,-2.8248700
45.5900000,476.4797285,2.1770000,14.4680000,-2.8163100
45.6000000,476.5797464,2.1350000,14.1870000,-2.7730200
45.6100000,476.6797642,2.0930000,13.9100000,-2.7234200
45.6200000,476.7797821,2.0520000,13.6390000,-2.7018000
45.6300000,476.8798000,2.0110000,13.3670000,-2.6882600
45.6400000,476.9798178,1.9710000,13.0980000,-2.6646300
45.6500000,477.0798357,1.9300000,12.8300000,-2.6646200
45.6600000,477.1798535,1.8900000,12.5640000,-2.6355700
45.6700000,477.2798714,1.8510000,12.3040000,-2.5311900
45.6800000,477.3798893,1.8190000,12.0930000,-2.4875100
45.6900000,477.4799071,1.7820000,11.8460000,-2.4571900
45.7000000,477.5799250,1.7460000,11.6060000,-2.3720900
45.7100000,477.6799428,1.7110000,11.3710000,-2.3333900
45.7200000,477.7799607,1.6760000,11.1380000,-2.3162400
45.7300000,477.8799786,1.6410000,10.9090000,-2.2853500
45.7400000,477.9799964,1.6070000,10.6830000,-2.2576300
45.7500000,478.0800143,1.5680000,10.4210000,-2.2486700
45.7600000,478.1800321,1.5340000,10.1980000,-2.2234300
45.7700000,478.2800500,1.5010000,9.9760000,-2.2087900
45.7800000,478.3800679,1.4680000,9.7540000,-2.1823600
45.7900000,478.4800857,1.4350000,9.5370000,-2.1608200
45.8000000,478.5801036,1.4030000,9.3220000,-2.1352600
45.8100000,478.6801215,1.3710000,9.1100000,-2.1117600
45.8200000,478.7801393,1.3390000,8.9010000,-2.0581400
45.8300000,478.8801572,1.3080000,8.6960000,-2.0208900
45.8400000,478.9801750,1.2780000,8.4960000,-1.9782700
45.8500000,479.0801929,1.2490000,8.3020000,-1.8984200
45.8600000,479.1802108,1.2260000,8.1460000,-1.8468300
45.8700000,479.2802286,1.1980000,7.9600000,-1.8262100
45.8800000,479.3802465,1.1700000,7.7750000,-1.8164500
45.8900000,479.4802643,1.1430000,7.5950000,-1.7165500
45.9000000,479.5802822,1.1170000,7.4270000,-1.6568900
45.9100000,479.6803001,1.0920000,7.2590000,-1.6522300
45.9200000,479.7803179,1.0670000,7.0920000,-1.6392700
45.9300000,479.8803358,1.0420000,6.9280000,-1.6031400
45.9400000,479.9803536,1.0180000,6.7660000,-1.5784000
45.9500000,480.0803715,0.9940000,6.6070000,-1.5409700
45.9600000,480.1803894,0.9710000,6.4510000,-1.5130100
45.9700000,480.2804072,0.9470000,6.2960000,-1.5035700
45.9800000,480.3804251,0.9250000,6.1450000,-1.4637500
45.9900000,480.4804429,0.9020000,5.9980000,-1.4283700
46.0000000,480.5804608,0.8810000,5.8520000,-1.4271500
46.0100000,480.6804787,0.8590000,5.7090000,-1.3846200
46.0200000,480.7804965,0.8380000,5.5710000,-1.3335900
46.0300000,480.8805144,0.8180000,5.4350000,-1.3088100
46.0400000,480.9805322,0.8010000,5.3250000,-1.2969700
46.0500000,481.0805501,0.7820000,5.1970000,-1.2658300
46.0600000,481.1805680,0.7630000,5.0710000,-1.2376300
46.0700000,481.2805858,0.7440000,4.9480000,-1.2330000
46.0800000,481.3806037,0.7260000,4.8280000,-1.1856100
46.0900000,481.4806215,0.7080000,4.7090000,-1.1738500
46.1000000,481.5806394,0.6910000,4.5930000,-1.1552000
46.1100000,481.6806573,0.6740000,4.4800000,-1.1310900
46.1200000,481.7806751,0.6570000,4.3700000,-1.1012700
46.1300000,481.8806930,0.6420000,4.2640000,-1.0807700
46.1400000,481.9807108,0.6250000,4.1570000,-1.0446600
46.1500000,482.0807287,0.6100000,4.0560000,-1.0053100
46.1600000,482.1807466,0.5950000,3.9560000,-1.0008000
46.1700000,482.2807644,0.5800000,3.8580000,-0.9697180
46.1800000,482.3807823,0.5660000,3.7630000,-0.9289450
46.1900000,482.4808001,0.5520000,3.6700000,-0.9209250
46.2000000,482.5808180,0.5390000,3.5800000,-0.9111750
46.2100000,482.6808359,0.5250000,3.4920000,-0.8512180
46.2200000,482.7808537,0.5130000,3.4060000,-0.8360440
46.2300000,482.8808716,0.5000000,3.3220000,-0.8320180
46.2400000,482.9808894,0.4880000,3.2410000,-0.7715390
46.2400000,483.0809073,0.4780000,3.1770000,-0.7475350
46.2600000,483.1809252,0.4670000,3.1010000,-0.7413140
46.2600000,483.2809430,0.4550000,3.0260000,-0.7274460
46.2800000,483.3809609,0.4450000,2.9550000,-0.6926810
46.2900000,483.4809787,0.4340000,2.8850000,-0.6841770
46.2900000,483.5809966,0.4240000,2.8170000,-0.6666640
46.3100000,483.6810145,0.4140000,2.7510000,-0.6530380
46.3100000,483.7810323,0.4040000,2.6870000,-0.6248050
46.3300000,483.8810502,0.3950000,2.6250000,-0.6178860
46.3400000,483.9810680,0.3860000,2.5650000,-0.5906610
46.3400000,484.0810859,0.3770000,2.5070000,-0.5678020
46.3600000,484.1811038,0.3690000,2.4500000,-0.5647120
46.3600000,484.2811216,0.3600000,2.3960000,-0.5395680
46.3800000,484.3811395,0.3530000,2.3430000,-0.5242430
46.3900000,484.4811573,0.3450000,2.2920000,-0.4993800
46.3900000,484.5811752,0.3370000,2.2430000,-0.4794210
46.4100000,484.6811931,0.3300000,2.1960000,-0.4730860
46.4100000,484.7812109,0.3230000,2.1500000,-0.4571740
46.4300000,484.8812288,0.3170000,2.1050000,-0.4405780
46.4400000,484.9812467,0.3100000,2.0620000,-0.4236020
46.4400000,485.0812645,0.3040000,2.0210000,-0.4112070
46.4600000,485.1812824,0.2980000,1.9810000,-0.3922140
46.4600000,485.2813002,0.2920000,1.9420000,-0.3754340
46.4800000,485.3813181,0.2870000,1.9050000,-0.3709660
46.4900000,485.4813360,0.2810000,1.8690000,-0.3504750
46.4900000,485.5813538,0.2760000,1.8350000,-0.3392390
46.5100000,485.6813717,0.2710000,1.8020000,-0.3274220
46.5100000,485.7813895,0.2660000,1.7700000,-0.3083700
46.5300000,485.8814074,0.2620000,1.7400000,-0.2932710
46.5400000,485.9814253,0.2570000,1.7110000,-0.2820080
46.5400000,486.0814431,0.2530000,1.6830000,-0.2782480
46.5600000,486.1814610,0.2490000,1.6570000,-0.2594910
46.5600000,486.2814788,0.2450000,1.6320000,-0.2446910
46.5800000,486.3814967,0.2420000,1.6080000,-0.2322160
46.5900000,486.4815146,0.2390000,1.5860000,-0.2176780
46.5900000,486.5815324,0.2350000,1.5640000,-0.2062840
46.6100000,486.6815503,0.2320000,1.5440000,-0.1949820
46.6100000,486.7815681,0.2290000,1.5250000,-0.1844150
46.6300000,486.8815860,0.2270000,1.5070000,-0.1725220
46.6400000,486.9816039,0.2240000,1.4900000,-0.1637920
46.6400000,487.0816217,0.2220000,1.4740000,-0.1532210
46.6600000,487.1816396,0.2190000,1.4590000,-0.1432230
46.6600000,487.2816574,0.2170000,1.4450000,-0.1354020
46.6800000,487.3816753,0.2150000,1.4320000,-0.1227320
46.6900000,487.4816932,0.2140000,1.4200000,-0.1128960
46.6900000,487.5817110,0.2120000,1.4090000,-0.1109440
46.7100000,487.6817289,0.2100000,1.3980000,-0.1019120
46.7100000,487.7817467,0.2090000,1.3880000,-0.0925997
46.7300000,487.8817646,0.2080000,1.3800000,-0.0837904
46.7400000,487.9817825,0.2060000,1.3720000,-0.0784532
46.7400000,488.0818003,0.2050000,1.3640000,-0.0717836
46.7600000,488.1818182,0.2040000,1.3570000,-0.0653440
46.7600000,488.2818360,0.2030000,1.3510000,-0.0574183
46.7800000,488.3818539,0.2030000,1.3460000,-0.0521571
46.7900000,488.4818718,0.2020000,1.3410000,-0.0467261
46.8000000,488.5818896,0.2010000,1.3360000,-0.0392973
46.8100000,488.6819075,0.2000000,1.3320000,-0.0393944
46.8200000,488.7819253,0.2000000,1.3280000,-0.0400371
46.8300000,488.8819432,0.1990000,1.3240000,-0.0405071
46.8400000,488.9819611,0.1990000,1.3200000,-0.0408075
46.8500000,489.0819789,0.1980000,1.3160000,-0.0408797
46.8600000,489.1819968,0.1970000,1.3120000,-0.0405198
46.8700000,489.2820146,0.1970000,1.3080000,-0.0402289
46.8800000,489.3820325,0.1960000,1.3040000,-0.0400071
46.8900000,489.4820504,0.1960000,1.3000000,-0.0394404
46.9000000,489.5820682,0.1950000,1.2960000,-0.0386529
46.9100000,489.6820861,0.1940000,1.2930000,-0.0379651
46.9200000,489.7821039,0.1940000,1.2890000,-0.0371263
46.9300000,489.8821218,0.1930000,1.2850000,-0.0364867
46.9400000,489.9821397,0.1930000,1.2820000,-0.0357801
46.9500000,490.0821575,0.1920000,1.2780000,-0.0345999
46.9600000,490.1821754,0.1920000,1.2750000,-0.0335396
46.9700000,490.2821932,0.1910000,1.2710000,-0.0325372
46.9800000,490.3822111,0.1910000,1.2680000,-0.0317458
46.9900000,490.4822290,0.1900000,1.2650000,-0.0307353
47.0000000,490.5822468,0.1900000,1.2620000,-0.0296839
47.0100000,490.6822647,0.1890000,1.2590000,-0.0286980
47.0200000,490.7822826,0.1890000,1.2570000,-0.0275088
47.0300000,490.8823004,0.1890000,1.2540000,-0.0268227
47.0400000,490.9823183,0.1880000,1.2510000,-0.0257429
47.0500000,491.0823361,0.1880000,1.2480000,-0.0248414
47.0600000,491.1823540,0.1870000,1.2460000,-0.0237259
47.0700000,491.2823719,0.1870000,1.2440000,-0.0228081
47.0800000,491.3823897,0.1870000,1.2410000,-0.0218294
47.0900000,491.4824076,0.1860000,1.2390000,-0.0210979
47.1000000,491.5824254,0.1860000,1.2370000,-0.0202000
47.1100000,491.6824433,0.1860000,1.2350000,-0.0194346
47.1200000,491.7824612,0.1860000,1.2330000,-0.0186392
47.1300000,491.8824790,0.1850000,1.2320000,-0.0178193
47.1400000,491.9824969,0.1850000,1.2300000,-0.0169384
47.1500000,492.0825147,0.1850000,1.2280000,-0.0163449
47.1600000,492.1825326,0.1850000,1.2270000,-0.0154425
47.1700000,492.2825505,0.1840000,1.2250000,-0.0145939
47.1800000,492.3825683,0.1840000,1.2240000,-0.0142146
47.1900000,492.4825862,0.1840000,1.2220000,-0.0136838
47.2000000,492.5826040,0.1840000,1.2210000,-0.0129545
47.2100000,492.6826219,0.1840000,1.2200000,-0.0125169
47.2200000,492.7826398,0.1830000,1.2180000,-0.0118314
47.2300000,492.8826576,0.1830000,1.2170000,-0.0113776
47.2400000,492.9826755,0.1830000,1.2160000,-0.0105645
47.2500000,493.0826933,0.1830000,1.2150000,-0.0101907
47.2600000,493.1827112,0.1830000,1.2140000,-0.0097800
47.2700000,493.2827291,0.1820000,1.2130000,-0.0092071
47.2800000,493.3827469,0.1820000,1.2120000,-0.0090723
47.2900000,493.4827648,0.1820000,1.2110000,-0.0089836
47.3000000,493.5827826,0.1820000,1.2100000,-0.0085419
47.3100000,493.6828005,0.1820000,1.2090000,-0.0080955
47.3200000,493.7828184,0.1820000,1.2090000,-0.0079032
47.3300000,493.8828362,0.1820000,1.2080000,-0.0073989
47.3400000,493.9828541,0.1820000,1.2070000,-0.0070110
47.3500000,494.0828719,0.1820000,1.2060000,-0.0068217
47.3600000,494.1828898,0.1810000,1.2060000,-0.0064703
47.3700000,494.2829077,0.1810000,1.2050000,-0.0061673
47.3800000,494.3829255,0.1810000,1.2050000,-0.0060467
47.3900000,494.4829434,0.1810000,1.2040000,-0.0059733
47.4000000,494.5829612,0.1810000,1.2030000,-0.0058274
47.4100000,494.6829791,0.1810000,1.2030000,-0.0055044
47.4200000,494.7829970,0.1810000,1.2020000,-0.0051015
47.4300000,494.8830148,0.1810000,1.2020000,-0.0046975
47.4400000,494.9830327,0.1810000,1.2010000,-0.0046911
47.4500000,495.0830505,0.1810000,1.2010000,-0.0046100
47.4600000,495.1830684,0.1810000,1.2010000,-0.0042621
47.4700000,495.2830863,0.1810000,1.2000000,-0.0040583
47.4800000,495.3831041,0.1810000,1.2000000,-0.0039299
47.4900000,495.4831220,0.1800000,1.1990000,-0.0038382
47.5000000,495.5831398,0.1800000,1.1990000,-0.0038367
47.5100000,495.6831577,0.1800000,1.1990000,-0.0036455
47.5200000,495.7831756,0.1800000,1.1980000,-0.0030806
47.5300000,495.8831934,0.1800000,1.1980000,-0.0032742
47.5400000,495.9832113,0.1800000,1.1980000,-0.0033228
47.5500000,496.0832291,0.1800000,1.1970000,-0.0031751
47.5600000,496.1832470,0.1800000,1.1970000,-0.0032094
47.5700000,496.2832649,0.1800000,1.1970000,-0.0028939
47.5800000,496.3832827,0.1800000,1.1960000,-0.0025198
47.5900000,496.4833006,0.1800000,1.1960000,-0.0026068
47.6000000,496.5833184,0.1800000,1.1960000,-0.0026675
47.6100000,496.6833363,0.1800000,1.1960000,-0.0025310
47.6200000,496.7833542,0.1800000,1.1950000,-0.0024794
47.6300000,496.8833720,0.1800000,1.1950000,-0.0023282
47.6400000,496.9833899,0.1800000,1.1950000,-0.0022957
47.6500000,497.0834078,0.1800000,1.1950000,-0.0018695
47.6600000,497.1834256,0.1800000,1.1940000,-0.0021188
47.6700000,497.2834435,0.1800000,1.1940000,-0.0018467
47.6800000,497.3834613,0.1800000,1.1940000,-0.0017539
47.6900000,497.4834792,0.1800000,1.1940000,-0.0021010
47.7000000,497.5834971,0.1800000,1.1940000,-0.0018628
47.7100000,497.6835149,0.1800000,1.1930000,-0.0018395
47.7200000,497.7835328,0.1800000,1.1930000,-0.0017340
47.7300000,497.8835506,0.1800000,1.1930000,-0.0017136
47.7400000,497.9835685,0.1790000,1.1930000,-0.0016170
47.7500000,498.0835864,0.1790000,1.1930000,-0.0016727
47.7600000,498.1836042,0.1790000,1.1930000,-0.0014667
47.7700000,498.2836221,0.1790000,1.1920000,-0.0016332
47.7800000,498.3836399,0.1790000,1.1920000,-0.0017534
47.7900000,498.4836578,0.1790000,1.1920000,-0.0015539
47.8000000,498.5836757,0.1790000,1.1920000,-0.0013749
47.8100000,498.6836935,0.1790000,1.1920000,-0.0012507
47.8200000,498.7837114,0.1790000,1.1920000,-0.0013267
47.8300000,498.8837292,0.1790000,1.1920000,-0.0014457
47.8400000,498.9837471,0.1790000,1.1910000,-0.0013415
47.8500000,499.0837650,0.1790000,1.1910000,-0.0012612
47.8600000,499.1837828,0.1790000,1.1910000,-0.0011033
47.8700000,499.2838007,0.1790000,1.1910000,-0.0011593
47.8800000,499.3838185,0.1790000,1.1910000,-0.0013100
47.8900000,499.4838364,0.1790000,1.1910000,-0.0011195
47.9000000,499.5838543,0.1790000,1.1910000,-0.0011755
47.9100000,499.6838721,0.1790000,1.1910000,-0.0011450
47.9200000,499.7838900,0.1790000,1.1910000,-0.0012517
47.9300000,499.8839078,0.1790000,1.1900000,-0.0009592
47.9400000,499.9839257,0.1790000,1.1900000,-0.0010099
47.9500000,500.0839436,0.1790000,1.1900000,-0.0010438
47.9600000,500.1839614,0.1790000,1.1900000,-0.0012041
47.9700000,500.2839793,0.1790000,1.1900000,-0.0011480
47.9800000,500.3839971,0.1790000,1.1900000,-0.0008880
47.9900000,500.4840150,0.1790000,1.1900000,-0.0008443
48.0000000,500.5840329,0.1790000,1.1900000,-0.0008269
48.0100000,500.6840507,0.1790000,1.1900000,-0.0008604
48.0200000,500.7840686,0.1790000,1.1900000,-0.0009830
48.0300000,500.8840864,0.1790000,1.1890000,-0.0009315
48.0400000,500.9841043,0.1790000,1.1890000,-0.0008504
48.0500000,501.0841222,0.1790000,1.1890000,-0.0008706
48.0600000,501.1841400,0.1790000,1.1890000,-0.0010257
48.0700000,501.2841579,0.1790000,1.1890000,-0.0004420
48.0800000,501.3841757,0.1790000,1.1890000,-0.0006752
48.0900000,501.4841936,0.1790000,1.1890000,-0.0007595
48.1000000,501.5842115,0.1790000,1.1890000,-0.0008882
48.1100000,501.6842293,0.1790000,1.1890000,-0.0007404
48.1200000,501.7842472,0.1790000,1.1890000,-0.0007980
48.1300000,501.8842650,0.1790000,1.1890000,-0.0007983
48.1400000,501.9842829,0.1790000,1.1880000,-0.0009041
48.1500000,502.0843008,0.1790000,1.1880000,-0.0007325
48.1600000,502.1843186,0.1790000,1.1880000,-0.0007458
48.1700000,502.2843365,0.1790000,1.1880000,-0.0009419
48.1800000,502.3843543,0.1790000,1.1880000,-0.0010056
48.1900000,502.4843722,0.1790000,1.1880000,-0.0008330
48.2000000,502.5843901,0.1790000,1.1880000,-0.0009176
48.2100000,502.6844079,0.1790000,1.1880000,-0.0007611
48.2200000,502.7844258,0.1790000,1.1880000,-0.0009195
48.2300000,502.8844437,0.1790000,1.1880000,-0.0008681
48.2400000,502.9844615,0.1790000,1.1880000,-0.0007406
48.2500000,503.0844794,0.1790000,1.1880000,-0.0009592
48.2600000,503.1844972,0.1790000,1.1880000,-0.0008755
48.2700000,503.2845151,0.1790000,1.1870000,-0.0007312
48.2800000,503.3845330,0.1790000,1.1870000,-0.0007448
48.2900000,503.4845508,0.1790000,1.1870000,-0.0007280
48.3000000,503.5845687,0.1790000,1.1870000,-0.0005123
48.3100000,503.6845865,0.1790000,1.1870000,-0.0007027
48.3200000,503.7846044,0.1790000,1.1870000,-0.0005070
48.3300000,503.8846223,0.1790000,1.1870000,-0.0005014
48.3400000,503.9846401,0.1790000,1.1870000,-0.0004141
48.3500000,504.0846580,0.1790000,1.1870000,-0.0004767
48.3600000,504.1846758,0.1790000,1.1870000,-0.0007528
48.3700000,504.2846937,0.1790000,1.1870000,-0.0005859
48.3800000,504.3847116,0.1790000,1.1870000,-0.0003451
48.3900000,504.4847294,0.1790000,1.1870000,-0.0004863
48.4000000,504.5847473,0.1790000,1.1870000,-0.0003367
48.4100000,504.6847651,0.1790000,1.1870000,-0.0004829
48.4200000,504.7847830,0.1790000,1.1860000,-0.0005835
48.4300000,504.8848009,0.1790000,1.1860000,-0.0006525
48.4400000,504.9848187,0.1780000,1.1860000,-0.0006651
48.4500000,505.0848366,0.1780000,1.1860000,-0.0006622
48.4600000,505.1848544,0.1780000,1.1860000,-0.0005320
48.4700000,505.2848723,0.1780000,1.1860000,-0.0006292
48.4800000,505.3848902,0.1780000,1.1860000,-0.0009161
48.4900000,505.4849080,0.1780000,1.1860000,-0.0007994
48.5000000,505.5849259,0.1780000,1.1860000,-0.0008734
48.5100000,505.6849437,0.1780000,1.1860000,-0.0008362
48.5200000,505.7849616,0.1780000,1.1860000,-0.0006988
48.5300000,505.8849795,0.1780000,1.1860000,-0.0005809
48.5400000,505.9849973,0.1780000,1.1860000,-0.0006403
48.5500000,506.0850152,0.1780000,1.1860000,-0.0008939
48.5600000,506.1850330,0.1780000,1.1860000,-0.0005828
48.5700000,506.2850509,0.1780000,1.1850000,-0.0004196
48.5800000,506.3850688,0.1780000,1.1850000,-0.0005870
48.5900000,506.4850866,0.1780000,1.1850000,-0.0009200
48.6000000,506.5851045,0.1780000,1.1850000,-0.0007315
48.6100000,506.6851223,0.1780000,1.1850000,-0.0008389
48.6200000,506.7851402,0.1780000,1.1850000,-0.0006453
48.6300000,506.8851581,0.1780000,1.1850000,-0.0007891
48.6400000,506.9851759,0.1780000,1.1850000,-0.0008280
48.6500000,507.0851938,0.1780000,1.1850000,-0.0008389
48.6600000,507.1852116,0.1780000,1.1850000,-0.0007001
48.6700000,507.2852295,0.1780000,1.1850000,-0.0008317
48.6800000,507.3852474,0.1780000,1.1850000,-0.0007519
48.6900000,507.4852652,0.1780000,1.1850000,-0.0006568
48.7000000,507.5852831,0.1780000,1.1850000,-0.0007605
48.7100000,507.6853009,0.1780000,1.1850000,-0.0005695
48.7200000,507.7853188,0.1780000,1.1840000,-0.0006399
48.7300000,507.8853367,0.1780000,1.1840000,-0.0005838
48.7400000,507.9853545,0.1780000,1.1840000,-0.0006256
48.7500000,508.0853724,0.1780000,1.1840000,-0.0007648
48.7600000,508.1853902,0.1780000,1.1840000,-0.0005848
48.7700000,508.2854081,0.1780000,1.1840000,-0.0006584
48.7800000,508.3854260,0.1780000,1.1840000,-0.0006134
48.7900000,508.4854438,0.1780000,1.1840000,-0.0005908
48.8000000,508.5854617,0.1780000,1.1840000,-0.0005872
48.8100000,508.6854795,0.1780000,1.1840000,-0.0007029
48.8200000,508.7854974,0.1780000,1.1840000,-0.0007397
48.8300000,508.8855153,0.1780000,1.1840000,-0.0006273
48.8400000,508.9855331,0.1780000,1.1840000,-0.0003703
48.8500000,509.0855510,0.1780000,1.1840000,-0.0005514
48.8600000,509.1855689,0.1780000,1.1830000,-0.0007340
48.8700000,509.2855867,0.1780000,1.1830000,-0.0007347
48.8800000,509.3856046,0.1780000,1.1830000,-0.0007508
48.8900000,509.4856224,0.1780000,1.1830000,-0.0005426
48.9000000,509.5856403,0.1780000,1.1830000,-0.0006010
48.9100000,509.6856582,0.1780000,1.1830000,-0.0007989
48.9200000,509.7856760,0.1780000,1.1830000,-0.0005989
48.9300000,509.8856939,0.1780000,1.1830000,-0.0006124
48.9400000,509.9857117,0.1780000,1.1830000,-0.0005767
48.9500000,510.0857296,0.1780000,1.1830000,-0.0006533
48.9600000,510.1857475,0.1780000,1.1830000,-0.0004972
48.9700000,510.2857653,0.1780000,1.1830000,-0.0007286
48.9800000,510.3857832,0.1780000,1.1830000,-0.0006396
48.9900000,510.4858010,0.1780000,1.1830000,-0.0005915
49.0000000,510.5858189,0.1780000,1.1830000,-0.0007887
49.0100000,510.6858368,0.1780000,1.1830000,-0.0007956
49.0200000,510.7858546,0.1780000,1.1830000,-0.0007417
49.0300000,510.8858725,0.1780000,1.1820000,-0.0007330
49.0400000,510.9858903,0.1780000,1.1820000,-0.0005791
49.0500000,511.0859082,0.1780000,1.1820000,-0.0005977
49.0600000,511.1859261,0.1780000,1.1820000,-0.0005788
49.0700000,511.2859439,0.1780000,1.1820000,-0.0006217
49.0800000,511.3859618,0.1780000,1.1820000,-0.0007451
49.0900000,511.4859796,0.1780000,1.1820000,-0.0008768
49.1000000,511.5859975,0.1780000,1.1820000,-0.0007395
49.1100000,511.6860154,0.1780000,1.1820000,-0.0006704
49.1200000,511.7860332,0.1780000,1.1820000,-0.0007462
49.1300000,511.8860511,0.1780000,1.1820000,-0.0005968
49.1400000,511.9860689,0.1780000,1.1820000,-0.0005603
49.1500000,512.0860868,0.1780000,1.1820000,-0.0008991
49.1600000,512.1861047,0.1780000,1.1820000,-0.0005240
49.1700000,512.2861225,0.1780000,1.1820000,-0.0007254
49.1800000,512.3861404,0.1780000,1.1810000,-0.0006081
49.1900000,512.4861582,0.1780000,1.1810000,-0.0005646
49.2000000,512.5861761,0.1780000,1.1810000,-0.0004747
49.2100000,512.6861940,0.1780000,1.1810000,-0.0003495
49.2200000,512.7862118,0.1780000,1.1810000,-0.0004922
49.2300000,512.8862297,0.1780000,1.1810000,-0.0003340
49.2400000,512.9862475,0.1780000,1.1810000,-0.0004683
49.2500000,513.0862654,0.1780000,1.1810000,-0.0003896
49.2600000,513.1862833,0.1780000,1.1810000,-0.0003493
49.2700000,513.2863011,0.1780000,1.1810000,-0.0004051
49.2800000,513.3863190,0.1780000,1.1810000,-0.0005147
49.2900000,513.4863368,0.1780000,1.1810000,-0.0002516
49.3000000,513.5863547,0.1780000,1.1810000,-0.0003654
49.3100000,513.6863726,0.1780000,1.1810000,-0.0005725
49.3200000,513.7863904,0.1780000,1.1810000,-0.0006957
49.3300000,513.8864083,0.1780000,1.1810000,-0.0003956
49.3400000,513.9864261,0.1780000,1.1810000,-0.0003507
49.3500000,514.0864440,0.1780000,1.1810000,-0.0005258
49.3600000,514.1864619,0.1780000,1.1800000,-0.0005873
49.3700000,514.2864797,0.1780000,1.1800000,-0.0006857
49.3800000,514.3864976,0.1780000,1.1800000,-0.0006443
49.3900000,514.4865154,0.1780000,1.1800000,-0.0005340
49.4000000,514.5865333,0.1780000,1.1800000,-0.0007927
49.4100000,514.6865512,0.1780000,1.1800000,-0.0006560
49.4200000,514.7865690,0.1780000,1.1800000,-0.0007561
49.4300000,514.8865869,0.1780000,1.1800000,-0.0009651
49.4400000,514.9866048,0.1780000,1.1800000,-0.0008285
49.4500000,515.0866226,0.1780000,1.1800000,-0.0006367
49.4600000,515.1866405,0.1780000,1.1800000,-0.0009177
49.4700000,515.2866583,0.1770000,1.1800000,-0.0010521
49.4800000,515.3866762,0.1770000,1.1800000,-0.0008585
49.4900000,515.4866941,0.1770000,1.1800000,-0.0007398
49.5000000,515.5867119,0.1770000,1.1790000,-0.0010546
49.5100000,515.6867298,0.1770000,1.1790000,-0.0010811
49.5200000,515.7867476,0.1770000,1.1790000,-0.0009780
49.5300000,515.8867655,0.1770000,1.1790000,-0.0008756
49.5400000,515.9867834,0.1770000,1.1790000,-0.0007463
49.5500000,516.0868012,0.1770000,1.1790000,-0.0007512
49.5600000,516.1868191,0.1770000,1.1790000,-0.0009569
49.5700000,516.2868369,0.1770000,1.1790000,-0.0008361
49.5800000,516.3868548,0.1770000,1.1790000,-0.0008300
49.5900000,516.4868727,0.1770000,1.1790000,-0.0007184
49.6000000,516.5868905,0.1770000,1.1790000,-0.0005229
49.6100000,516.6869084,0.1770000,1.1790000,-0.0007199
49.6200000,516.7869262,0.1770000,1.1790000,-0.0008097
49.6300000,516.8869441,0.1770000,1.1780000,-0.0007396
49.6400000,516.9869620,0.1770000,1.1780000,-0.0006195
49.6500000,517.0869798,0.1770000,1.1780000,-0.0008757
49.6600000,517.1869977,0.1770000,1.1780000,-0.0007449
49.6700000,517.2870155,0.1770000,1.1780000,-0.0007349
49.6800000,517.3870334,0.1770000,1.1780000,-0.0008637
49.6900000,517.4870513,0.1770000,1.1780000,-0.0008290
49.7000000,517.5870691,0.1770000,1.1780000,-0.0007100
49.7100000,517.6870870,0.1770000,1.1780000,-0.0008314
49.7200000,517.7871048,0.1770000,1.1780000,-0.0007375
49.7300000,517.8871227,0.1770000,1.1780000,-0.0007064
49.7400000,517.9871406,0.1770000,1.1780000,-0.0007821
49.7500000,518.0871584,0.1770000,1.1770000,-0.0006819
49.7600000,518.1871763,0.1770000,1.1770000,-0.0008437
49.7700000,518.2871941,0.1770000,1.1770000,-0.0007327
49.7800000,518.3872120,0.1770000,1.1770000,-0.0007503
49.7900000,518.4872299,0.1770000,1.1770000,-0.0008863
49.8000000,518.5872477,0.1770000,1.1770000,-0.0007911
49.8100000,518.6872656,0.1770000,1.1770000,-0.0005895
49.8200000,518.7872834,0.1770000,1.1770000,-0.0009458
49.8300000,518.8873013,0.1770000,1.1770000,-0.0006382
49.8400000,518.9873192,0.1770000,1.1770000,-0.0005709
49.8500000,519.0873370,0.1770000,1.1770000,-0.0008564
49.8600000,519.1873549,0.1770000,1.1770000,-0.0007999
49.8700000,519.2873727,0.1770000,1.1770000,-0.0007997
49.8800000,519.3873906,0.1770000,1.1760000,-0.0010009
49.8900000,519.4874085,0.1770000,1.1760000,-0.0008990
49.9000000,519.5874263,0.1770000,1.1760000,-0.0010405
49.9100000,519.6874442,0.1770000,1.1760000,-0.0007870
49.9200000,519.7874620,0.1770000,1.1760000,-0.0006368
49.9300000,519.8874799,0.1770000,1.1760000,-0.0008512
49.9400000,519.9874978,0.1770000,1.1760000,-0.0009655
49.9500000,520.0875156,0.1770000,1.1760000,-0.0008628
49.9600000,520.1875335,0.1770000,1.1760000,-0.0008888
49.9700000,520.2875513,0.1770000,1.1760000,-0.0011855
49.9800000,520.3875692,0.1770000,1.1760000,-0.0008952
49.9900000,520.4875871,0.1770000,1.1760000,-0.0010726
50.0000000,520.5876049,0.1770000,1.1750000,-0.0010315
50.0100000,520.6876228,0.1770000,1.1750000,-0.0008784
50.0200000,520.7876407,0.1770000,1.1750000,-0.0004924
50.0300000,520.8876585,0.1770000,1.1750000,-0.0005629
50.0400000,520.9876764,0.1770000,1.1750000,-0.0007343
50.0500000,521.0876942,0.1770000,1.1750000,-0.0006499
50.0600000,521.1877121,0.1770000,1.1750000,-0.0007729
50.0700000,521.2877300,0.1770000,1.1750000,-0.0010355
50.0800000,521.3877478,0.1770000,1.1750000,-0.0008477
50.0900000,521.4877657,0.1770000,1.1750000,-0.0009819
50.1000000,521.5877835,0.1770000,1.1750000,-0.0008755
50.1100000,521.6878014,0.1770000,1.1750000,-0.0009633
50.1200000,521.7878193,0.1770000,1.1740000,-0.0009355
50.1300000,521.8878371,0.1770000,1.1740000,-0.0010337
50.1400000,521.9878550,0.1770000,1.1740000,-0.0009701
50.1500000,522.0878728,0.1770000,1.1740000,-0.0008385
50.1600000,522.1878907,0.1770000,1.1740000,-0.0007133
50.1700000,522.2879086,0.1770000,1.1740000,-0.0008564
50.1800000,522.3879264,0.1770000,1.1740000,-0.0010352
50.1900000,522.4879443,0.1770000,1.1740000,-0.0007841
50.2000000,522.5879621,0.1770000,1.1740000,-0.0009437
50.2100000,522.6879800,0.1770000,1.1740000,-0.0008142
50.2200000,522.7879979,0.1770000,1.1740000,-0.0006553
50.2300000,522.8880157,0.1770000,1.1730000,-0.0007305
50.2400000,522.9880336,0.1770000,1.1730000,-0.0005401
50.2500000,523.0880514,0.1770000,1.1730000,-0.0006797
50.2600000,523.1880693,0.1770000,1.1730000,-0.0009043
50.2700000,523.2880872,0.1770000,1.1730000,-0.0007843
50.2800000,523.3881050,0.1760000,1.1730000,-0.0009287
50.2900000,523.4881229,0.1760000,1.1730000,-0.0007482
50.3000000,523.5881407,0.1760000,1.1730000,-0.0008623
50.3100000,523.6881586,0.1760000,1.1730000,-0.0005862
50.3200000,523.7881765,0.1760000,1.1730000,-0.0007278
50.3300000,523.8881943,0.1760000,1.1730000,-0.0010461
50.3400000,523.9882122,0.1760000,1.1720000,-0.0008250
50.3500000,524.0882300,0.1760000,1.1720000,-0.0008859
50.3600000,524.1882479,0.1760000,1.1720000,-0.0010399
50.3700000,524.2882658,0.1760000,1.1720000,-0.0008992
50.3800000,524.3882836,0.1760000,1.1720000,-0.0007778
50.3900000,524.4883015,0.1760000,1.1720000,-0.0010103
50.4000000,524.5883193,0.1760000,1.1720000,-0.0010023
50.4100000,524.6883372,0.1760000,1.1720000,-0.0009794
50.4200000,524.7883551,0.1760000,1.1720000,-0.0009709
50.4300000,524.8883729,0.1760000,1.1720000,-0.0010459
50.4400000,524.9883908,0.1760000,1.1720000,-0.0007106
50.4500000,525.0884086,0.1760000,1.1710000,-0.0014022
50.4600000,525.1884265,0.1760000,1.1710000,-0.0007627
50.4700000,525.2884444,0.1760000,1.1710000,-0.0008464
50.4800000,525.3884622,0.1760000,1.1710000,-0.0009923
50.4900000,525.4884801,0.1760000,1.1710000,-0.0008256
50.5000000,525.5884979,0.1760000,1.1710000,-0.0006211
50.5100000,525.6885158,0.1760000,1.1710000,-0.0008805
50.5200000,525.7885337,0.1760000,1.1710000,-0.0012140
50.5300000,525.8885515,0.1760000,1.1710000,-0.0012764
50.5400000,525.9885694,0.1760000,1.1710000,-0.0009469
50.5500000,526.0885872,0.1760000,1.1700000,-0.0010869
50.5600000,526.1886051,0.1760000,1.1700000,-0.0010176
50.5700000,526.2886230,0.1760000,1.1700000,-0.0012683
50.5800000,526.3886408,0.1760000,1.1700000,-0.0009698
50.5900000,526.4886587,0.1760000,1.1700000,-0.0010219
50.6000000,526.5886765,0.1760000,1.1700000,-0.0011711
50.6100000,526.6886944,0.1760000,1.1700000,-0.0009734
50.6200000,526.7887123,0.1760000,1.1700000,-0.0013009
50.6300000,526.8887301,0.1760000,1.1700000,-0.0011490
50.6400000,526.9887480,0.1760000,1.1690000,-0.0012119
50.6500000,527.0887659,0.1760000,1.1690000,-0.0012940
50.6600000,527.1887837,0.1760000,1.1690000,-0.0012895
50.6700000,527.2888016,0.1760000,1.1690000,-0.0007927
50.6800000,527.3888194,0.1760000,1.1690000,-0.0011554
50.6900000,527.4888373,0.1760000,1.1690000,-0.0013290
50.7000000,527.5888552,0.1760000,1.1690000,-0.0012026
50.7100000,527.6888730,0.1760000,1.1690000,-0.0013054
50.7200000,527.7888909,0.1760000,1.1690000,-0.0013111
50.7300000,527.8889087,0.1760000,1.1680000,-0.0011747
50.7400000,527.9889266,0.1760000,1.1680000,-0.0011747
50.7500000,528.0889445,0.1760000,1.1680000,-0.0014157
50.7600000,528.1889623,0.1760000,1.1680000,-0.0011546
50.7700000,528.2889802,0.1760000,1.1680000,-0.0013279
50.7800000,528.3889980,0.1760000,1.1680000,-0.0011392
50.7900000,528.4890159,0.1760000,1.1680000,-0.0013125
50.8000000,528.5890338,0.1760000,1.1670000,-0.0013150
50.8100000,528.6890516,0.1760000,1.1670000,-0.0013886
50.8200000,528.7890695,0.1760000,1.1670000,-0.0012889
50.8300000,528.8890873,0.1760000,1.1670000,-0.0012704
50.8400000,528.9891052,0.1760000,1.1670000,-0.0014042
50.8500000,529.0891231,0.1760000,1.1670000,-0.0012939
50.8600000,529.1891409,0.1760000,1.1670000,-0.0013771
50.8700000,529.2891588,0.1760000,1.1660000,-0.0014743
50.8800000,529.3891766,0.1750000,1.1660000,-0.0014777
50.8900000,529.4891945,0.1750000,1.1660000,-0.0012921
50.9000000,529.5892124,0.1750000,1.1660000,-0.0015067
50.9100000,529.6892302,0.1750000,1.1660000,-0.0014387
50.9200000,529.7892481,0.1750000,1.1660000,-0.0014493
50.9300000,529.8892659,0.1750000,1.1660000,-0.0016702
50.9400000,529.9892838,0.1750000,1.1650000,-0.0015673
50.9500000,530.0893017,0.1750000,1.1650000,-0.0014525
50.9600000,530.1893195,0.1750000,1.1650000,-0.0017709
50.9700000,530.2893374,0.1750000,1.1650000,-0.0017094
50.9800000,530.3893552,0.1750000,1.1650000,-0.0016022
50.9900000,530.4893731,0.1750000,1.1650000,-0.0016115
51.0000000,530.5893910,0.1750000,1.1650000,-0.0014109
51.0100000,530.6894088,0.1750000,1.1640000,-0.0015958
51.0200000,530.7894267,0.1750000,1.1640000,-0.0017810
51.0300000,530.8894445,0.1750000,1.1640000,-0.0017982
51.0400000,530.9894624,0.1750000,1.1640000,-0.0017651
51.0500000,531.0894803,0.1750000,1.1640000,-0.0017019
51.0600000,531.1894981,0.1750000,1.1640000,-0.0018103
51.0700000,531.2895160,0.1750000,1.1630000,-0.0016389
51.0800000,531.3895338,0.1750000,1.1630000,-0.0016658
51.0900000,531.4895517,0.1750000,1.1630000,-0.0017724
51.1000000,531.5895696,0.1750000,1.1630000,-0.0016239
51.1100000,531.6895874,0.1750000,1.1630000,-0.0016576
51.1200000,531.7896053,0.1750000,1.1630000,-0.0018338
51.1300000,531.8896231,0.1750000,1.1620000,-0.0014725
51.1400000,531.9896410,0.1750000,1.1620000,-0.0017011
51.1500000,532.0896589,0.1750000,1.1620000,-0.0017419
51.1600000,532.1896767,0.1750000,1.1620000,-0.0017054
51.1700000,532.2896946,0.1750000,1.1620000,-0.0015632
51.1800000,532.3897124,0.1750000,1.1620000,-0.0019060
51.1900000,532.4897303,0.1750000,1.1610000,-0.0017717
51.2000000,532.5897482,0.1750000,1.1610000,-0.0017096
51.2100000,532.6897660,0.1750000,1.1610000,-0.0018867
51.2200000,532.7897839,0.1750000,1.1610000,-0.0017487
51.2300000,532.8898018,0.1750000,1.1610000,-0.0018453
51.2400000,532.9898196,0.1750000,1.1600000,-0.0014100
51.2500000,533.0898375,0.1750000,1.1600000,-0.0018408
51.2600000,533.1898553,0.1750000,1.1600000,-0.0016627
51.2700000,533.2898732,0.1750000,1.1600000,-0.0018238
51.2800000,533.3898911,0.1740000,1.1600000,-0.0019539
51.2900000,533.4899089,0.1740000,1.1590000,-0.0018544
51.3000000,533.5899268,0.1740000,1.1590000,-0.0016612
51.3100000,533.6899446,0.1740000,1.1590000,-0.0020175
51.3200000,533.7899625,0.1740000,1.1590000,-0.0018100
51.3300000,533.8899804,0.1740000,1.1590000,-0.0018379
51.3400000,533.9899982,0.1740000,1.1590000,-0.0018544
51.3500000,534.0900161,0.1740000,1.1580000,-0.0015432
51.3600000,534.1900339,0.1740000,1.1580000,-0.0016705
51.3700000,534.2900518,0.1740000,1.1580000,-0.0016537
51.3800000,534.3900697,0.1740000,1.1580000,-0.0016781
51.3900000,534.4900875,0.1740000,1.1580000,-0.0017981
51.4000000,534.5901054,0.1740000,1.1570000,-0.0017859
51.4100000,534.6901232,0.1740000,1.1570000,-0.0017581
51.4200000,534.7901411,0.1740000,1.1570000,-0.0019566
51.4300000,534.8901590,0.1740000,1.1570000,-0.0018273
51.4400000,534.9901768,0.1740000,1.1570000,-0.0016837
51.4500000,535.0901947,0.1740000,1.1570000,-0.0018195
51.4600000,535.1902125,0.1740000,1.1560000,-0.0018016
51.4700000,535.2902304,0.1740000,1.1560000,-0.0016343
51.4800000,535.3902483,0.1740000,1.1560000,-0.0019080
51.4900000,535.4902661,0.1740000,1.1560000,-0.0018480
51.5000000,535.5902840,0.1740000,1.1560000,-0.0016115
51.5100000,535.6903018,0.1740000,1.1560000,-0.0016700
51.5200000,535.7903197,0.1740000,1.1550000,-0.0015968
51.5300000,535.8903376,0.1740000,1.1550000,-0.0016658
51.5400000,535.9903554,0.1740000,1.1550000,-0.0016566
51.5500000,536.0903733,0.1740000,1.1550000,-0.0016332
51.5600000,536.1903911,0.1740000,1.1550000,-0.0018374
51.5700000,536.2904090,0.1740000,1.1550000,-0.0019617
51.5800000,536.3904269,0.1740000,1.1540000,-0.0017667
51.5900000,536.4904447,0.1740000,1.1540000,-0.0016511
51.6000000,536.5904626,0.1740000,1.1540000,-0.0018211
51.6100000,536.6904804,0.1740000,1.1540000,-0.0018659
51.6200000,536.7904983,0.1740000,1.1540000,-0.0018996
51.6300000,536.8905162,0.1740000,1.1530000,-0.0018082
51.6400000,536.9905340,0.1740000,1.1530000,-0.0019981
51.6500000,537.0905519,0.1730000,1.1530000,-0.0018588
51.6600000,537.1905697,0.1730000,1.1530000,-0.0015457
51.6700000,537.2905876,0.1730000,1.1530000,-0.0014854
51.6800000,537.3906055,0.1730000,1.1530000,-0.0015711
51.6900000,537.4906233,0.1730000,1.1520000,-0.0015724
51.7000000,537.5906412,0.1730000,1.1520000,-0.0013175
51.7100000,537.6906590,0.1730000,1.1520000,-0.0014614
51.7200000,537.7906769,0.1730000,1.1520000,-0.0015561
51.7300000,537.8906948,0.1730000,1.1520000,-0.0017280
51.7400000,537.9907126,0.1730000,1.1520000,-0.0016321
51.7500000,538.0907305,0.1730000,1.1510000,-0.0014336
51.7600000,538.1907483,0.1730000,1.1510000,-0.0013163
51.7700000,538.2907662,0.1730000,1.1510000,-0.0015003
51.7800000,538.3907841,0.1730000,1.1510000,-0.0013728
51.7900000,538.4908019,0.1730000,1.1510000,-0.0015210
51.8000000,538.5908198,0.1730000,1.1510000,-0.0017914
51.8100000,538.6908376,0.1730000,1.1510000,-0.0017335
51.8200000,538.7908555,0.1730000,1.1500000,-0.0015757
51.8300000,538.8908734,0.1730000,1.1500000,-0.0016591
51.8400000,538.9908912,0.1730000,1.1500000,-0.0016383
51.8500000,539.0909091,0.1730000,1.1500000,-0.0012404
51.8600000,539.1909270,0.1730000,1.1500000,-0.0013758
51.8700000,539.2909448,0.1730000,1.1500000,-0.0014720
51.8800000,539.3909627,0.1730000,1.1500000,-0.0016297
51.8900000,539.4909805,0.1730000,1.1490000,-0.0013931
51.9000000,539.5909984,0.1730000,1.1490000,-0.0015274
51.9100000,539.6910163,0.1730000,1.1490000,-0.0012463
51.9200000,539.7910341,0.1730000,1.1490000,-0.0015119
51.9300000,539.8910520,0.1730000,1.1490000,-0.0014294
51.9400000,539.9910698,0.1730000,1.1490000,-0.0014910
51.9500000,540.0910877,0.1730000,1.1490000,-0.0016927
51.9600000,540.1911056,0.1730000,1.1480000,-0.0018730
51.9700000,540.2911234,0.1730000,1.1480000,-0.0016372
51.9800000,540.3911413,0.1730000,1.1480000,-0.0016544
51.9900000,540.4911591,0.1730000,1.1480000,-0.0018086
52.0000000,540.5911770,0.1730000,1.1480000,-0.0018458
52.0100000,540.6911949,0.1730000,1.1480000,-0.0014805
52.0200000,540.7912127,0.1730000,1.1470000,-0.0013479
52.0300000,540.8912306,0.1730000,1.1470000,-0.0012618
52.0400000,540.9912484,0.1730000,1.1470000,-0.0013914
52.0500000,541.0912663,0.1730000,1.1470000,-0.0013714
52.0600000,541.1912842,0.1730000,1.1470000,-0.0015708
52.0700000,541.2913020,0.1730000,1.1470000,-0.0015524
52.0800000,541.3913199,0.1730000,1.1470000,-0.0015317
52.0900000,541.4913377,0.1720000,1.1460000,-0.0012459
52.1000000,541.5913556,0.1720000,1.1460000,-0.0011117
52.1100000,541.6913735,0.1720000,1.1460000,-0.0012349
52.1200000,541.7913913,0.1720000,1.1460000,-0.0014185
52.1300000,541.8914092,0.1720000,1.1460000,-0.0014707
52.1400000,541.9914270,0.1720000,1.1460000,-0.0015299
52.1500000,542.0914449,0.1720000,1.1460000,-0.0014043
52.1600000,542.1914628,0.1720000,1.1450000,-0.0014307
52.1700000,542.2914806,0.1720000,1.1450000,-0.0011804
52.1800000,542.3914985,0.1720000,1.1450000,-0.0014457
52.1900000,542.4915163,0.1720000,1.1450000,-0.0012413
52.2000000,542.5915342,0.1720000,1.1450000,-0.0012875
52.2100000,542.6915521,0.1720000,1.1450000,-0.0014069
52.2200000,542.7915699,0.1720000,1.1450000,-0.0012878
52.2300000,542.8915878,0.1720000,1.1450000,-0.0013345
52.2400000,542.9916056,0.1720000,1.1440000,-0.0013889
52.2500000,543.0916235,0.1720000,1.1440000,-0.0010926
52.2600000,543.1916414,0.1720000,1.1440000,-0.0010419
52.2700000,543.2916592,0.1720000,1.1440000,-0.0013779
52.2800000,543.3916771,0.1720000,1.1440000,-0.0013268
52.2900000,543.4916949,0.1720000,1.1440000,-0.0013456
52.3000000,543.5917128,0.1720000,1.1440000,-0.0013052
52.3100000,543.6917307,0.1720000,1.1430000,-0.0012223
52.3200000,543.7917485,0.1720000,1.1430000,-0.0011083
52.3300000,543.8917664,0.1720000,1.1430000,-0.0012163
52.3400000,543.9917842,0.1720000,1.1430000,-0.0014916
52.3500000,544.0918021,0.1720000,1.1430000,-0.0012659
52.3600000,544.1918200,0.1720000,1.1430000,-0.0013278
52.3700000,544.2918378,0.1720000,1.1430000,-0.0012760
52.3800000,544.3918557,0.1720000,1.1420000,-0.0013185
52.3900000,544.4918735,0.1720000,1.1420000,-0.0015851
52.4000000,544.5918914,0.1720000,1.1420000,-0.0016223
52.4100000,544.6919093,0.1720000,1.1420000,-0.0015350
52.4200000,544.7919271,0.1720000,1.1420000,-0.0013412
52.4300000,544.8919450,0.1720000,1.1420000,-0.0014330
52.4400000,544.9919629,0.1720000,1.1420000,-0.0016580
52.4500000,545.0919807,0.1720000,1.1420000,-0.0015103
52.4600000,545.1919986,0.1720000,1.1410000,-0.0013164
52.4700000,545.2920164,0.1720000,1.1410000,-0.0014344
52.4800000,545.3920343,0.1720000,1.1410000,-0.0014058
52.4900000,545.4920522,0.1720000,1.1410000,-0.0014126
52.5000000,545.5920700,0.1720000,1.1410000,-0.0016061
52.5100000,545.6920879,0.1720000,1.1410000,-0.0014772
52.5200000,545.7921057,0.1720000,1.1410000,-0.0014737
52.5300000,545.8921236,0.1720000,1.1400000,-0.0015250
52.5400000,545.9921415,0.1720000,1.1400000,-0.0014230
52.5500000,546.0921593,0.1720000,1.1400000,-0.0015890
52.5600000,546.1921772,0.1720000,1.1400000,-0.0014483
52.5700000,546.2921950,0.1710000,1.1400000,-0.0013479
52.5800000,546.3922129,0.1710000,1.1400000,-0.0011390
52.5900000,546.4922308,0.1710000,1.1400000,-0.0013436
52.6000000,546.5922486,0.1710000,1.1390000,-0.0012778
52.6100000,546.6922665,0.1710000,1.1390000,-0.0012792
52.6200000,546.7922843,0.1710000,1.1390000,-0.0011390
52.6300000,546.8923022,0.1710000,1.1390000,-0.0012284
52.6400000,546.9923201,0.1710000,1.1390000,-0.0013922
52.6500000,547.0923379,0.1710000,1.1390000,-0.0016877
52.6600000,547.1923558,0.1710000,1.1390000,-0.0016655
52.6700000,547.2923736,0.1710000,1.1390000,-0.0014098
52.6800000,547.3923915,0.1710000,1.1380000,-0.0012956
52.6900000,547.4924094,0.1710000,1.1380000,-0.0012840
52.7000000,547.5924272,0.1710000,1.1380000,-0.0013557
52.7100000,547.6924451,0.1710000,1.1380000,-0.0013386
52.7200000,547.7924629,0.1710000,1.1380000,-0.0014616
52.7300000,547.8924808,0.1710000,1.1380000,-0.0012420
52.7400000,547.9924987,0.1710000,1.1380000,-0.0011862
52.7500000,548.0925165,0.1710000,1.1370000,-0.0013250
52.7600000,548.1925344,0.1710000,1.1370000,-0.0012026
52.7700000,548.2925522,0.1710000,1.1370000,-0.0012978
52.7800000,548.3925701,0.1710000,1.1370000,-0.0010966
52.7900000,548.4925880,0.1710000,1.1370000,-0.0012441
52.8000000,548.5926058,0.1710000,1.1370000,-0.0013472
52.8100000,548.6926237,0.1710000,1.1370000,-0.0011310
52.8200000,548.7926415,0.1710000,1.1370000,-0.0012828
52.8300000,548.8926594,0.1710000,1.1360000,-0.0013397
52.8400000,548.9926773,0.1710000,1.1360000,-0.0010881
52.8500000,549.0926951,0.1710000,1.1360000,-0.0011039
52.8600000,549.1927130,0.1710000,1.1360000,-0.0013583
52.8700000,549.2927308,0.1710000,1.1360000,-0.0013678
52.8800000,549.3927487,0.1710000,1.1360000,-0.0015336
52.8900000,549.4927666,0.1710000,1.1360000,-0.0013698
52.9000000,549.5927844,0.1710000,1.1350000,-0.0014500
52.9100000,549.6928023,0.1710000,1.1350000,-0.0012978
52.9200000,549.7928201,0.1710000,1.1350000,-0.0013908
52.9300000,549.8928380,0.1710000,1.1350000,-0.0011877
52.9400000,549.9928559,0.1710000,1.1350000,-0.0014007
52.9500000,550.0928737,0.1710000,1.1350000,-0.0013159
52.9600000,550.1928916,0.1710000,1.1350000,-0.0013871
52.9700000,550.2929094,0.1710000,1.1340000,-0.0015107
52.9800000,550.3929273,0.1710000,1.1340000,-0.0015016
52.9900000,550.4929452,0.1710000,1.1340000,-0.0015302
53.0000000,550.5929630,0.1710000,1.1340000,-0.0013329
53.0100000,550.6929809,0.1710000,1.1340000,-0.0012563
53.0200000,550.7929987,0.1710000,1.1340000,-0.0014109
53.0300000,550.8930166,0.1710000,1.1340000,-0.0014888
53.0400000,550.9930345,0.1710000,1.1330000,-0.0015695
53.0500000,551.0930523,0.1710000,1.1330000,-0.0016545
53.0600000,551.1930702,0.1700000,1.1330000,-0.0016476
53.0700000,551.2930881,0.1700000,1.1330000,-0.0016694
53.0800000,551.3931059,0.1700000,1.1330000,-0.0018360
53.0900000,551.4931238,0.1700000,1.1330000,-0.0019152
53.1000000,551.5931416,0.1700000,1.1320000,-0.0015277
53.1100000,551.6931595,0.1700000,1.1320000,-0.0019331
53.1200000,551.7931774,0.1700000,1.1320000,-0.0017249
53.1300000,551.8931952,0.1700000,1.1320000,-0.0017857
53.1400000,551.9932131,0.1700000,1.1320000,-0.0017650
53.1500000,552.0932309,0.1700000,1.1320000,-0.0017120
53.1600000,552.1932488,0.1700000,1.1310000,-0.0017251
53.1700000,552.2932667,0.1700000,1.1310000,-0.0015854
53.1800000,552.3932845,0.1700000,1.1310000,-0.0016521
53.1900000,552.4933024,0.1700000,1.1310000,-0.0016464
53.2000000,552.5933202,0.1700000,1.1310000,-0.0015930
53.2100000,552.6933381,0.1700000,1.1310000,-0.0015609
53.2200000,552.7933560,0.1700000,1.1300000,-0.0015359
53.2300000,552.8933738,0.1700000,1.1300000,-0.0015107
53.2400000,552.9933917,0.1700000,1.1300000,-0.0015137
53.2500000,553.0934095,0.1700000,1.1300000,-0.0016030
53.2600000,553.1934274,0.1700000,1.1300000,-0.0014195
53.2700000,553.2934453,0.1700000,1.1300000,-0.0015367
53.2800000,553.3934631,0.1700000,1.1300000,-0.0017389
53.2900000,553.4934810,0.1700000,1.1290000,-0.0015637
53.3000000,553.5934988,0.1700000,1.1290000,-0.0014666
53.3100000,553.6935167,0.1700000,1.1290000,-0.0016845
53.3200000,553.7935346,0.1700000,1.1290000,-0.0016918
53.3300000,553.8935524,0.1700000,1.1290000,-0.0015066
53.3400000,553.9935703,0.1700000,1.1290000,-0.0014602
53.3500000,554.0935881,0.1700000,1.1290000,-0.0013843
53.3600000,554.1936060,0.1700000,1.1280000,-0.0014197
53.3700000,554.2936239,0.1700000,1.1280000,-0.0016385
53.3800000,554.3936417,0.1700000,1.1280000,-0.0017030
53.3900000,554.4936596,0.1700000,1.1280000,-0.0015679
53.4000000,554.5936774,0.1700000,1.1280000,-0.0014050
53.4100000,554.6936953,0.1700000,1.1280000,-0.0015505
53.4200000,554.7937132,0.1700000,1.1270000,-0.0014636
53.4300000,554.8937310,0.1700000,1.1270000,-0.0013471
53.4400000,554.9937489,0.1700000,1.1270000,-0.0015977
53.4500000,555.0937667,0.1700000,1.1270000,-0.0015456
53.4600000,555.1937846,0.1700000,1.1270000,-0.0012414
53.4700000,555.2938025,0.1700000,1.1270000,-0.0013170
53.4800000,555.3938203,0.1700000,1.1270000,-0.0012470
53.4900000,555.4938382,0.1690000,1.1260000,-0.0010510
53.5000000,555.5938560,0.1690000,1.1260000,-0.0011268
53.5100000,555.6938739,0.1690000,1.1260000,-0.0012470
53.5200000,555.7938918,0.1690000,1.1260000,-0.0014559
53.5300000,555.8939096,0.1690000,1.1260000,-0.0015389
53.5400000,555.9939275,0.1690000,1.1260000,-0.0014988
53.5500000,556.0939453,0.1690000,1.1260000,-0.0014659
53.5600000,556.1939632,0.1690000,1.1250000,-0.0014614
53.5700000,556.2939811,0.1690000,1.1250000,-0.0015980
53.5800000,556.3939989,0.1690000,1.1250000,-0.0014572
53.5900000,556.4940168,0.1690000,1.1250000,-0.0015164
53.6000000,556.5940346,0.1690000,1.1250000,-0.0015636
53.6100000,556.6940525,0.1690000,1.1250000,-0.0014695
53.6200000,556.7940704,0.1690000,1.1250000,-0.0013493
53.6300000,556.8940882,0.1690000,1.1240000,-0.0014628
53.6400000,556.9941061,0.1690000,1.1240000,-0.0015378
53.6500000,557.0941240,0.1690000,1.1240000,-0.0015709
53.6600000,557.1941418,0.1690000,1.1240000,-0.0013457
53.6700000,557.2941597,0.1690000,1.1240000,-0.0014122
53.6800000,557.3941775,0.1690000,1.1240000,-0.0014407
53.6900000,557.4941954,0.1690000,1.1230000,-0.0015393
53.7000000,557.5942133,0.1690000,1.1230000,-0.0015893
53.7100000,557.6942311,0.1690000,1.1230000,-0.0016535
53.7200000,557.7942490,0.1690000,1.1230000,-0.0014393
53.7300000,557.8942668,0.1690000,1.1230000,-0.0015229
53.7400000,557.9942847,0.1690000,1.1230000,-0.0015515
53.7500000,558.0943026,0.1690000,1.1220000,-0.0016290
53.7600000,558.1943204,0.1690000,1.1220000,-0.0016966
53.7700000,558.2943383,0.1690000,1.1220000,-0.0017280
53.7800000,558.3943561,0.1690000,1.1220000,-0.0016455
53.7900000,558.4943740,0.1690000,1.1220000,-0.0014495
53.8000000,558.5943919,0.1690000,1.1220000,-0.0014344
53.8100000,558.6944097,0.1690000,1.1220000,-0.0014362
53.8200000,558.7944276,0.1690000,1.1210000,-0.0014194
53.8300000,558.8944454,0.1690000,1.1210000,-0.0015493
53.8400000,558.9944633,0.1690000,1.1210000,-0.0015579
53.8500000,559.0944812,0.1690000,1.1210000,-0.0014412
53.8600000,559.1944990,0.1690000,1.1210000,-0.0015639
53.8700000,559.2945169,0.1690000,1.1210000,-0.0015048
53.8800000,559.3945347,0.1690000,1.1210000,-0.0016866
53.8900000,559.4945526,0.1690000,1.1200000,-0.0014620
53.9000000,559.5945705,0.1690000,1.1200000,-0.0014083
53.9100000,559.6945883,0.1690000,1.1200000,-0.0015101
53.9200000,559.7946062,0.1690000,1.1200000,-0.0015146
53.9300000,559.8946240,0.1680000,1.1200000,-0.0015989
53.9400000,559.9946419,0.1680000,1.1200000,-0.0017739
53.9500000,560.0946598,0.1680000,1.1190000,-0.0015896
53.9600000,560.1946776,0.1680000,1.1190000,-0.0015175
53.9700000,560.2946955,0.1680000,1.1190000,-0.0016160
53.9800000,560.3947133,0.1680000,1.1190000,-0.0018045
53.9900000,560.4947312,0.1680000,1.1190000,-0.0015954
54.0000000,560.5947491,0.1680000,1.1190000,-0.0013995
54.0100000,560.6947669,0.1680000,1.1190000,-0.0016123
54.0200000,560.7947848,0.1680000,1.1180000,-0.0016022
54.0300000,560.8948026,0.1680000,1.1180000,-0.0015415
54.0400000,560.9948205,0.1680000,1.1180000,-0.0017138
54.0500000,561.0948384,0.1680000,1.1180000,-0.0015611
54.0600000,561.1948562,0.1680000,1.1180000,-0.0014480
54.0700000,561.2948741,0.1680000,1.1180000,-0.0014752
54.0800000,561.3948919,0.1680000,1.1180000,-0.0016694
54.0900000,561.4949098,0.1680000,1.1170000,-0.0016115
54.1000000,561.5949277,0.1680000,1.1170000,-0.0014979
54.1100000,561.6949455,0.1680000,1.1170000,-0.0017501
54.1200000,561.7949634,0.1680000,1.1170000,-0.0017645
54.1300000,561.8949812,0.1680000,1.1170000,-0.0014988
54.1400000,561.9949991,0.1680000,1.1170000,-0.0018260
54.1500000,562.0950170,0.1680000,1.1160000,-0.0015715
54.1600000,562.1950348,0.1680000,1.1160000,-0.0014843
54.1700000,562.2950527,0.1680000,1.1160000,-0.0015644
54.1800000,562.3950705,0.1680000,1.1160000,-0.0017016
54.1900000,562.4950884,0.1680000,1.1160000,-0.0015222
54.2000000,562.5951063,0.1680000,1.1160000,-0.0015845
54.2100000,562.6951241,0.1680000,1.1150000,-0.0016408
54.2200000,562.7951420,0.1680000,1.1150000,-0.0016418
54.2300000,562.8951598,0.1680000,1.1150000,-0.0016786
54.2400000,562.9951777,0.1680000,1.1150000,-0.0016880
54.2500000,563.0951956,0.1680000,1.1150000,-0.0015665
54.2600000,563.1952134,0.1680000,1.1150000,-0.0016944
54.2700000,563.2952313,0.1680000,1.1140000,-0.0017902
54.2800000,563.3952492,0.1680000,1.1140000,-0.0016858
54.2900000,563.4952670,0.1680000,1.1140000,-0.0015379
54.3000000,563.5952849,0.1680000,1.1140000,-0.0016065
54.3100000,563.6953027,0.1680000,1.1140000,-0.0014743
54.3200000,563.7953206,0.1680000,1.1140000,-0.0016522
54.3300000,563.8953385,0.1680000,1.1130000,-0.0014271
54.3400000,563.9953563,0.1670000,1.1130000,-0.0014677
54.3500000,564.0953742,0.1670000,1.1130000,-0.0014498
54.3600000,564.1953920,0.1670000,1.1130000,-0.0015256
54.3700000,564.2954099,0.1670000,1.1130000,-0.0017422
54.3800000,564.3954278,0.1670000,1.1130000,-0.0016312
54.3900000,564.4954456,0.1670000,1.1120000,-0.0017023
54.4000000,564.5954635,0.1670000,1.1120000,-0.0017745
54.4100000,564.6954813,0.1670000,1.1120000,-0.0017817
54.4200000,564.7954992,0.1670000,1.1120000,-0.0016732
54.4300000,564.8955171,0.1670000,1.1120000,-0.0014781
54.4400000,564.9955349,0.1670000,1.1110000,-0.0018552
54.4500000,565.0955528,0.1670000,1.1110000,-0.0017787
54.4600000,565.1955706,0.1670000,1.1110000,-0.0018409
54.4700000,565.2955885,0.1670000,1.1110000,-0.0020432
54.4800000,565.3956064,0.1670000,1.1110000,-0.0019316
54.4900000,565.4956242,0.1670000,1.1100000,-0.0019839
54.5000000,565.5956421,0.1670000,1.1100000,-0.0019631
54.5100000,565.6956599,0.1670000,1.1100000,-0.0018460
54.5200000,565.7956778,0.1670000,1.1100000,-0.0018795
54.5300000,565.8956957,0.1670000,1.1100000,-0.0021755
54.5400000,565.9957135,0.1670000,1.1090000,-0.0021295
54.5500000,566.0957314,0.1670000,1.1090000,-0.0020468
54.5600000,566.1957492,0.1670000,1.1090000,-0.0019410
54.5700000,566.2957671,0.1670000,1.1090000,-0.0021726
54.5800000,566.3957850,0.1670000,1.1090000,-0.0021039
54.5900000,566.4958028,0.1670000,1.1080000,-0.0018860
54.6000000,566.5958207,0.1670000,1.1080000,-0.0020553
54.6100000,566.6958385,0.1670000,1.1080000,-0.0020346
54.6200000,566.7958564,0.1670000,1.1080000,-0.0019874
54.6300000,566.8958743,0.1670000,1.1080000,-0.0019303
54.6400000,566.9958921,0.1670000,1.1070000,-0.0018988
54.6500000,567.0959100,0.1670000,1.1070000,-0.0019589
54.6600000,567.1959278,0.1670000,1.1070000,-0.0019509
54.6700000,567.2959457,0.1670000,1.1070000,-0.0020618
54.6800000,567.3959636,0.1670000,1.1070000,-0.0022729
54.6900000,567.4959814,0.1660000,1.1070000,-0.0019131
54.7000000,567.5959993,0.1660000,1.1060000,-0.0021690
54.7100000,567.6960171,0.1660000,1.1060000,-0.0024191
54.7200000,567.7960350,0.1660000,1.1060000,-0.0022640
54.7300000,567.8960529,0.1660000,1.1060000,-0.0021971
54.7400000,567.9960707,0.1660000,1.1050000,-0.0022305
54.7500000,568.0960886,0.1660000,1.1050000,-0.0021363
54.7600000,568.1961064,0.1660000,1.1050000,-0.0020925
54.7700000,568.2961243,0.1660000,1.1050000,-0.0020968
54.7800000,568.3961422,0.1660000,1.1050000,-0.0025784
54.7900000,568.4961600,0.1660000,1.1040000,-0.0024676
54.8000000,568.5961779,0.1660000,1.1040000,-0.0026335
54.8100000,568.6961957,0.1660000,1.1040000,-0.0024827
54.8200000,568.7962136,0.1660000,1.1040000,-0.0026921
54.8300000,568.8962315,0.1660000,1.1030000,-0.0022795
54.8400000,568.9962493,0.1660000,1.1030000,-0.0022254
54.8400000,569.0962672,0.1660000,1.1030000,-0.0022268
54.8600000,569.1962851,0.1660000,1.1030000,-0.0019109
54.8600000,569.2963029,0.1660000,1.1030000,-0.0022039
54.8800000,569.3963208,0.1660000,1.1020000,-0.0021589
54.8900000,569.4963386,0.1660000,1.1020000,-0.0023480
54.8900000,569.5963565,0.1660000,1.1020000,-0.0020948
54.9100000,569.6963744,0.1660000,1.1020000,-0.0022662
54.9100000,569.7963922,0.1660000,1.1010000,-0.0024361
54.9300000,569.8964101,0.1660000,1.1010000,-0.0024734
54.9400000,569.9964279,0.1660000,1.1010000,-0.0025770
54.9400000,570.0964458,0.1660000,1.1010000,-0.0027164
54.9600000,570.1964637,0.1660000,1.1000000,-0.0026468
54.9600000,570.2964815,0.1660000,1.1000000,-0.0026032
54.9800000,570.3964994,0.1650000,1.1000000,-0.0026035
54.9900000,570.4965172,0.1650000,1.1000000,-0.0025316
54.9900000,570.5965351,0.1650000,1.0990000,-0.0025544
55.0100000,570.6965530,0.1650000,1.0990000,-0.0024848
55.0100000,570.7965708,0.1650000,1.0990000,-0.0023666
55.0300000,570.8965887,0.1650000,1.0980000,-0.0023587
55.0400000,570.9966065,0.1650000,1.0980000,-0.0024305
55.0400000,571.0966244,0.1650000,1.0980000,-0.0023213
55.0600000,571.1966423,0.1650000,1.0980000,-0.0021795
55.0600000,571.2966601,0.1650000,1.0970000,-0.0024025
55.0800000,571.3966780,0.1650000,1.0970000,-0.0022774
55.0900000,571.4966958,0.1650000,1.0970000,-0.0023662
55.0900000,571.5967137,0.1650000,1.0970000,-0.0021883
55.1100000,571.6967316,0.1650000,1.0970000,-0.0022982
55.1100000,571.7967494,0.1650000,1.0960000,-0.0023798
55.1300000,571.8967673,0.1650000,1.0960000,-0.0025149
55.1400000,571.9967851,0.1650000,1.0960000,-0.0025585
55.1400000,572.0968030,0.1650000,1.0960000,-0.0023548
55.1600000,572.1968209,0.1650000,1.0950000,-0.0025271
55.1600000,572.2968387,0.1650000,1.0950000,-0.0024591
55.1800000,572.3968566,0.1650000,1.0950000,-0.0024514
55.1900000,572.4968744,0.1650000,1.0950000,-0.0021319
55.1900000,572.5968923,0.1650000,1.0940000,-0.0023362
55.2100000,572.6969102,0.1650000,1.0940000,-0.0020410
55.2100000,572.7969280,0.1650000,1.0940000,-0.0024548
55.2300000,572.8969459,0.1650000,1.0940000,-0.0024298
55.2400000,572.9969637,0.1650000,1.0930000,-0.0025113
55.2400000,573.0969816,0.1640000,1.0930000,-0.0027324
55.2600000,573.1969995,0.1640000,1.0930000,-0.0026499
55.2600000,573.2970173,0.1640000,1.0930000,-0.0026627
55.2800000,573.3970352,0.1640000,1.0920000,-0.0025844
55.2900000,573.4970530,0.1640000,1.0920000,-0.0028396
55.2900000,573.5970709,0.1640000,1.0920000,-0.0027344
55.3100000,573.6970888,0.1640000,1.0910000,-0.0029891
55.3100000,573.7971066,0.1640000,1.0910000,-0.0032409
55.3300000,573.8971245,0.1640000,1.0910000,-0.0031955
55.3400000,573.9971423,0.1640000,1.0910000,-0.0032416
55.3400000,574.0971602,0.1640000,1.0900000,-0.0032799
55.3600000,574.1971781,0.1640000,1.0900000,-0.0033017
55.3600000,574.2971959,0.1640000,1.0900000,-0.0029268
55.3800000,574.3972138,0.1640000,1.0890000,-0.0032330
55.3900000,574.4972316,0.1640000,1.0890000,-0.0034376
55.3900000,574.5972495,0.1640000,1.0890000,-0.0034341
55.4100000,574.6972674,0.1640000,1.0880000,-0.0034183
55.4100000,574.7972852,0.1640000,1.0880000,-0.0033896
55.4300000,574.8973031,0.1640000,1.0880000,-0.0032717
55.4400000,574.9973210,0.1640000,1.0870000,-0.0031150
55.4400000,575.0973388,0.1640000,1.0870000,-0.0031852
55.4600000,575.1973567,0.1640000,1.0870000,-0.0034269
55.4600000,575.2973745,0.1630000,1.0860000,-0.0030892
55.4800000,575.3973924,0.1630000,1.0860000,-0.0031064
55.4900000,575.4974103,0.1630000,1.0860000,-0.0030527
55.4900000,575.5974281,0.1630000,1.0850000,-0.0029669
55.5100000,575.6974460,0.1630000,1.0850000,-0.0030985
55.5100000,575.7974638,0.1630000,1.0850000,-0.0031193
55.5300000,575.8974817,0.1630000,1.0850000,-0.0032058
55.5400000,575.9974996,0.1630000,1.0840000,-0.0032328
55.5400000,576.0975174,0.1630000,1.0840000,-0.0032459
55.5600000,576.1975353,0.1630000,1.0840000,-0.0032566
55.5600000,576.2975531,0.1630000,1.0830000,-0.0033654
55.5800000,576.3975710,0.1630000,1.0830000,-0.0031961
55.5900000,576.4975889,0.1630000,1.0830000,-0.0032481
55.5900000,576.5976067,0.1630000,1.0820000,-0.0031691
55.6100000,576.6976246,0.1630000,1.0820000,-0.0030112
55.6100000,576.7976424,0.1630000,1.0820000,-0.0035302
55.6300000,576.8976603,0.1630000,1.0810000,-0.0034866
55.6400000,576.9976782,0.1630000,1.0810000,-0.0033510
55.6400000,577.0976960,0.1630000,1.0810000,-0.0034579
55.6600000,577.1977139,0.1630000,1.0800000,-0.0035936
55.6600000,577.2977317,0.1630000,1.0800000,-0.0032424
55.6800000,577.3977496,0.1620000,1.0800000,-0.0034279
55.6900000,577.4977675,0.1620000,1.0790000,-0.0032638
55.6900000,577.5977853,0.1620000,1.0790000,-0.0031941
55.7100000,577.6978032,0.1620000,1.0790000,-0.0033164
55.7100000,577.7978210,0.1620000,1.0780000,-0.0034075
55.7300000,577.8978389,0.1620000,1.0780000,-0.0033824
55.7400000,577.9978568,0.1620000,1.0780000,-0.0033264
55.7400000,578.0978746,0.1620000,1.0770000,-0.0031055
55.7600000,578.1978925,0.1620000,1.0770000,-0.0031758
55.7600000,578.2979103,0.1620000,1.0770000,-0.0031020
55.7800000,578.3979282,0.1620000,1.0760000,-0.0033952
55.7900000,578.4979461,0.1620000,1.0760000,-0.0033710
55.7900000,578.5979639,0.1620000,1.0760000,-0.0033424
55.8100000,578.6979818,0.1620000,1.0750000,-0.0035055
55.8100000,578.7979996,0.1620000,1.0750000,-0.0034896
55.8300000,578.8980175,0.1620000,1.0750000,-0.0035757
55.8400000,578.9980354,0.1620000,1.0740000,-0.0033357
55.8400000,579.0980532,0.1620000,1.0740000,-0.0034834
55.8600000,579.1980711,0.1620000,1.0740000,-0.0035557
55.8600000,579.2980889,0.1610000,1.0730000,-0.0033687
55.8800000,579.3981068,0.1610000,1.0730000,-0.0035232
55.8900000,579.4981247,0.1610000,1.0730000,-0.0034389
55.8900000,579.5981425,0.1610000,1.0720000,-0.0033732
55.9100000,579.6981604,0.1610000,1.0720000,-0.0034781
55.9100000,579.7981782,0.1610000,1.0710000,-0.0036562
55.9300000,579.8981961,0.1610000,1.0710000,-0.0034904
55.9400000,579.9982140,0.1610000,1.0710000,-0.0033988
55.9400000,580.0982318,0.1610000,1.0700000,-0.0036404
55.9600000,580.1982497,0.1610000,1.0700000,-0.0036041
55.9600000,580.2982675,0.1610000,1.0700000,-0.0034766
55.9800000,580.3982854,0.1610000,1.0690000,-0.0033645
55.9900000,580.4983033,0.1610000,1.0690000,-0.0031452
55.9900000,580.5983211,0.1610000,1.0690000,-0.0035983
56.0100000,580.6983390,0.1610000,1.0680000,-0.0034596
56.0100000,580.7983568,0.1610000,1.0680000,-0.0035296
56.0300000,580.8983747,0.1610000,1.0670000,-0.0035870
56.0400000,580.9983926,0.1610000,1.0670000,-0.0035185
56.0400000,581.0984104,0.1610000,1.0670000,-0.0037034
56.0600000,581.1984283,0.1600000,1.0660000,-0.0037170
56.0600000,581.2984462,0.1600000,1.0660000,-0.0036941
56.0800000,581.3984640,0.1600000,1.0660000,-0.0035675
56.0900000,581.4984819,0.1600000,1.0650000,-0.0038048
56.0900000,581.5984997,0.1600000,1.0650000,-0.0036862
56.1100000,581.6985176,0.1600000,1.0650000,-0.0035675
56.1100000,581.7985355,0.1600000,1.0640000,-0.0037447
56.1300000,581.8985533,0.1600000,1.0640000,-0.0037633
56.1400000,581.9985712,0.1600000,1.0630000,-0.0038662
56.1400000,582.0985890,0.1600000,1.0630000,-0.0036889
56.1600000,582.1986069,0.1600000,1.0630000,-0.0038569
56.1600000,582.2986248,0.1600000,1.0620000,-0.0036583
56.1800000,582.3986426,0.1600000,1.0620000,-0.0037732
56.1900000,582.4986605,0.1600000,1.0620000,-0.0036945
56.1900000,582.5986783,0.1600000,1.0610000,-0.0039277
56.2100000,582.6986962,0.1600000,1.0610000,-0.0038211
56.2100000,582.7987141,0.1600000,1.0600000,-0.0039048
56.2300000,582.8987319,0.1590000,1.0600000,-0.0041266
56.2400000,582.9987498,0.1590000,1.0600000,-0.0039377
56.2400000,583.0987676,0.1590000,1.0590000,-0.0039864
56.2600000,583.1987855,0.1590000,1.0590000,-0.0038819
56.2600000,583.2988034,0.1590000,1.0590000,-0.0040531
56.2800000,583.3988212,0.1590000,1.0580000,-0.0040215
56.2900000,583.4988391,0.1590000,1.0580000,-0.0039485
56.2900000,583.5988569,0.1590000,1.0570000,-0.0039499
56.3100000,583.6988748,0.1590000,1.0570000,-0.0038054
56.3100000,583.7988927,0.1590000,1.0570000,-0.0036723
56.3300000,583.8989105,0.1590000,1.0560000,-0.0038640
56.3400000,583.9989284,0.1590000,1.0560000,-0.0040379
56.3400000,584.0989462,0.1590000,1.0550000,-0.0039091
56.3600000,584.1989641,0.1590000,1.0550000,-0.0040572
56.3600000,584.2989820,0.1590000,1.0550000,-0.0039055
56.3800000,584.3989998,0.1590000,1.0540000,-0.0037438
56.3900000,584.4990177,0.1590000,1.0540000,-0.0037460
56.3900000,584.5990355,0.1590000,1.0540000,-0.0034874
56.4100000,584.6990534,0.1580000,1.0530000,-0.0034763
56.4100000,584.7990713,0.1580000,1.0530000,-0.0037310
56.4300000,584.8990891,0.1580000,1.0520000,-0.0038118
56.4400000,584.9991070,0.1580000,1.0520000,-0.0037175
56.4400000,585.0991248,0.1580000,1.0520000,-0.0036167
56.4600000,585.1991427,0.1580000,1.0510000,-0.0037549
56.4600000,585.2991606,0.1580000,1.0510000,-0.0037333
56.4800000,585.3991784,0.1580000,1.0510000,-0.0036840
56.4900000,585.4991963,0.1580000,1.0500000,-0.0038562
56.4900000,585.5992141,0.1580000,1.0500000,-0.0035682
56.5100000,585.6992320,0.1580000,1.0490000,-0.0036098
56.5100000,585.7992499,0.1580000,1.0490000,-0.0036897
56.5300000,585.8992677,0.1580000,1.0490000,-0.0036419
56.5400000,585.9992856,0.1580000,1.0480000,-0.0033688
56.5400000,586.0993034,0.1580000,1.0480000,-0.0035761
56.5600000,586.1993213,0.1580000,1.0480000,-0.0034847
56.5600000,586.2993392,0.1580000,1.0470000,-0.0034488
56.5800000,586.3993570,0.1580000,1.0470000,-0.0035690
56.5900000,586.4993749,0.1570000,1.0470000,-0.0036033
56.5900000,586.5993927,0.1570000,1.0460000,-0.0035974
56.6100000,586.6994106,0.1570000,1.0460000,-0.0034045
56.6100000,586.7994285,0.1570000,1.0460000,-0.0034938
56.6300000,586.8994463,0.1570000,1.0450000,-0.0034560
56.6400000,586.9994642,0.1570000,1.0450000,-0.0033545
56.6400000,587.0994821,0.1570000,1.0440000,-0.0032393
56.6600000,587.1994999,0.1570000,1.0440000,-0.0034471
56.6600000,587.2995178,0.1570000,1.0440000,-0.0033645
56.6800000,587.3995356,0.1570000,1.0430000,-0.0036132
56.6900000,587.4995535,0.1570000,1.0430000,-0.0034360
56.6900000,587.5995714,0.1570000,1.0430000,-0.0034351
56.7100000,587.6995892,0.1570000,1.0420000,-0.0034241
56.7100000,587.7996071,0.1570000,1.0420000,-0.0033996
56.7300000,587.8996249,0.1570000,1.0420000,-0.0031536
56.7400000,587.9996428,0.1570000,1.0410000,-0.0032244
56.7400000,588.0996607,0.1570000,1.0410000,-0.0033375
56.7600000,588.1996785,0.1570000,1.0410000,-0.0034182
56.7600000,588.2996964,0.1570000,1.0400000,-0.0034367
56.7800000,588.3997142,0.1560000,1.0400000,-0.0032728
56.7900000,588.4997321,0.1560000,1.0400000,-0.0035183
56.7900000,588.5997500,0.1560000,1.0390000,-0.0035032
56.8100000,588.6997678,0.1560000,1.0390000,-0.0032526
56.8100000,588.7997857,0.1560000,1.0390000,-0.0032359
56.8300000,588.8998035,0.1560000,1.0380000,-0.0033236
56.8400000,588.9998214,0.1560000,1.0380000,-0.0033009
56.8400000,589.0998393,0.1560000,1.0380000,-0.0032943
56.8600000,589.1998571,0.1560000,1.0370000,-0.0032873
56.8600000,589.2998750,0.1560000,1.0370000,-0.0032609
56.8800000,589.3998928,0.1560000,1.0370000,-0.0033232
56.8900000,589.4999107,0.1560000,1.0360000,-0.0032967
56.8900000,589.5999286,0.1560000,1.0360000,-0.0032293
56.9100000,589.6999464,0.1560000,1.0360000,-0.0031271
56.9100000,589.7999643,0.1560000,1.0350000,-0.0032924
56.9300000,589.8999821,0.1560000,1.0350000,-0.0032144
56.9400000,590.0000000,0.1560000,1.0350000,-0.0030635
